0.379800 0.00010
0.379900 0.00010
0.380000 0.00011
0.380100 0.00011
0.380200 0.00011
0.380300 0.00011
0.380400 0.00011
0.380500 0.00012
0.380600 0.00012
0.380700 0.00013
0.380800 0.00014
0.380900 0.00015
0.381000 0.00017
0.381100 0.00019
0.381200 0.00021
0.381300 0.00024
0.381400 0.00027
0.381500 0.00030
0.381600 0.00034
0.381700 0.00038
0.381800 0.00043
0.381900 0.00048
0.382000 0.00053
0.382100 0.00059
0.382200 0.00065
0.382300 0.00072
0.382400 0.00079
0.382500 0.00086
0.382600 0.00094
0.382700 0.00103
0.382800 0.00111
0.382900 0.00121
0.383000 0.00131
0.383100 0.00142
0.383200 0.00154
0.383300 0.00166
0.383400 0.00179
0.383500 0.00193
0.383600 0.00207
0.383700 0.00223
0.383800 0.00240
0.383900 0.00257
0.384000 0.00276
0.384100 0.00296
0.384200 0.00317
0.384300 0.00340
0.384400 0.00364
0.384500 0.00389
0.384600 0.00416
0.384700 0.00445
0.384800 0.00475
0.384900 0.00508
0.385000 0.00542
0.385100 0.00578
0.385200 0.00616
0.385300 0.00657
0.385400 0.00699
0.385500 0.00744
0.385600 0.00792
0.385700 0.00842
0.385800 0.00894
0.385900 0.00949
0.386000 0.01007
0.386100 0.01068
0.386200 0.01131
0.386300 0.01198
0.386400 0.01268
0.386500 0.01341
0.386600 0.01418
0.386700 0.01498
0.386800 0.01582
0.386900 0.01670
0.387000 0.01762
0.387100 0.01858
0.387200 0.01959
0.387300 0.02063
0.387400 0.02173
0.387500 0.02287
0.387600 0.02406
0.387700 0.02530
0.387800 0.02658
0.387900 0.02792
0.388000 0.02931
0.388100 0.03075
0.388200 0.03225
0.388300 0.03380
0.388400 0.03540
0.388500 0.03705
0.388600 0.03876
0.388700 0.04051
0.388800 0.04231
0.388900 0.04417
0.389000 0.04607
0.389100 0.04802
0.389200 0.05002
0.389300 0.05206
0.389400 0.05414
0.389500 0.05627
0.389600 0.05843
0.389700 0.06062
0.389800 0.06285
0.389900 0.06512
0.390000 0.06741
0.390100 0.06973
0.390200 0.07208
0.390300 0.07445
0.390400 0.07684
0.390500 0.07926
0.390600 0.08169
0.390700 0.08415
0.390800 0.08662
0.390900 0.08911
0.391000 0.09161
0.391100 0.09413
0.391200 0.09665
0.391300 0.09919
0.391400 0.10174
0.391500 0.10429
0.391600 0.10685
0.391700 0.10941
0.391800 0.11197
0.391900 0.11454
0.392000 0.11710
0.392100 0.11966
0.392200 0.12222
0.392300 0.12477
0.392400 0.12731
0.392500 0.12984
0.392600 0.13236
0.392700 0.13487
0.392800 0.13736
0.392900 0.13984
0.393000 0.14230
0.393100 0.14474
0.393200 0.14716
0.393300 0.14956
0.393400 0.15194
0.393500 0.15431
0.393600 0.15666
0.393700 0.15899
0.393800 0.16131
0.393900 0.16361
0.394000 0.16590
0.394100 0.16817
0.394200 0.17043
0.394300 0.17268
0.394400 0.17492
0.394500 0.17715
0.394600 0.17937
0.394700 0.18159
0.394800 0.18380
0.394900 0.18600
0.395000 0.18820
0.395100 0.19040
0.395200 0.19260
0.395300 0.19480
0.395400 0.19700
0.395500 0.19921
0.395600 0.20143
0.395700 0.20365
0.395800 0.20589
0.395900 0.20814
0.396000 0.21040
0.396100 0.21268
0.396200 0.21498
0.396300 0.21731
0.396400 0.21966
0.396500 0.22204
0.396600 0.22445
0.396700 0.22690
0.396800 0.22939
0.396900 0.23192
0.397000 0.23450
0.397100 0.23713
0.397200 0.23980
0.397300 0.24253
0.397400 0.24531
0.397500 0.24814
0.397600 0.25102
0.397700 0.25396
0.397800 0.25695
0.397900 0.26000
0.398000 0.26310
0.398100 0.26626
0.398200 0.26947
0.398300 0.27273
0.398400 0.27604
0.398500 0.27939
0.398600 0.28278
0.398700 0.28622
0.398800 0.28968
0.398900 0.29318
0.399000 0.29670
0.399100 0.30025
0.399200 0.30382
0.399300 0.30740
0.399400 0.31099
0.399500 0.31459
0.399600 0.31819
0.399700 0.32179
0.399800 0.32537
0.399900 0.32895
0.400000 0.33250
0.400100 0.33603
0.400200 0.33954
0.400300 0.34301
0.400400 0.34646
0.400500 0.34987
0.400600 0.35324
0.400700 0.35657
0.400800 0.35986
0.400900 0.36310
0.401000 0.36630
0.401100 0.36944
0.401200 0.37253
0.401300 0.37557
0.401400 0.37855
0.401500 0.38147
0.401600 0.38433
0.401700 0.38712
0.401800 0.38985
0.401900 0.39251
0.402000 0.39510
0.402100 0.39762
0.402200 0.40007
0.402300 0.40246
0.402400 0.40479
0.402500 0.40706
0.402600 0.40928
0.402700 0.41145
0.402800 0.41357
0.402900 0.41565
0.403000 0.41770
0.403100 0.41971
0.403200 0.42170
0.403300 0.42366
0.403400 0.42562
0.403500 0.42757
0.403600 0.42952
0.403700 0.43148
0.403800 0.43346
0.403900 0.43547
0.404000 0.43750
0.404100 0.43957
0.404200 0.44169
0.404300 0.44385
0.404400 0.44605
0.404500 0.44831
0.404600 0.45061
0.404700 0.45297
0.404800 0.45539
0.404900 0.45786
0.405000 0.46040
0.405100 0.46300
0.405200 0.46566
0.405300 0.46839
0.405400 0.47118
0.405500 0.47404
0.405600 0.47696
0.405700 0.47995
0.405800 0.48300
0.405900 0.48612
0.406000 0.48930
0.406100 0.49255
0.406200 0.49586
0.406300 0.49923
0.406400 0.50266
0.406500 0.50614
0.406600 0.50967
0.406700 0.51324
0.406800 0.51686
0.406900 0.52051
0.407000 0.52420
0.407100 0.52792
0.407200 0.53166
0.407300 0.53543
0.407400 0.53920
0.407500 0.54297
0.407600 0.54673
0.407700 0.55049
0.407800 0.55422
0.407900 0.55793
0.408000 0.56160
0.408100 0.56523
0.408200 0.56881
0.408300 0.57233
0.408400 0.57579
0.408500 0.57919
0.408600 0.58251
0.408700 0.58574
0.408800 0.58889
0.408900 0.59195
0.409000 0.59490
0.409100 0.59775
0.409200 0.60049
0.409300 0.60312
0.409400 0.60564
0.409500 0.60805
0.409600 0.61036
0.409700 0.61256
0.409800 0.61465
0.409900 0.61663
0.410000 0.61850
0.410100 0.62026
0.410200 0.62192
0.410300 0.62348
0.410400 0.62494
0.410500 0.62631
0.410600 0.62759
0.410700 0.62878
0.410800 0.62990
0.410900 0.63093
0.411000 0.63190
0.411100 0.63280
0.411200 0.63364
0.411300 0.63442
0.411400 0.63515
0.411500 0.63584
0.411600 0.63650
0.411700 0.63713
0.411800 0.63773
0.411900 0.63832
0.412000 0.63890
0.412100 0.63948
0.412200 0.64005
0.412300 0.64064
0.412400 0.64123
0.412500 0.64184
0.412600 0.64248
0.412700 0.64313
0.412800 0.64382
0.412900 0.64454
0.413000 0.64530
0.413100 0.64610
0.413200 0.64695
0.413300 0.64784
0.413400 0.64879
0.413500 0.64978
0.413600 0.65082
0.413700 0.65191
0.413800 0.65305
0.413900 0.65425
0.414000 0.65550
0.414100 0.65681
0.414200 0.65817
0.414300 0.65958
0.414400 0.66104
0.414500 0.66254
0.414600 0.66408
0.414700 0.66566
0.414800 0.66728
0.414900 0.66892
0.415000 0.67060
0.415100 0.67230
0.415200 0.67403
0.415300 0.67577
0.415400 0.67753
0.415500 0.67930
0.415600 0.68108
0.415700 0.68286
0.415800 0.68464
0.415900 0.68642
0.416000 0.68820
0.416100 0.68997
0.416200 0.69172
0.416300 0.69345
0.416400 0.69517
0.416500 0.69687
0.416600 0.69854
0.416700 0.70018
0.416800 0.70179
0.416900 0.70336
0.417000 0.70490
0.417100 0.70640
0.417200 0.70785
0.417300 0.70926
0.417400 0.71063
0.417500 0.71196
0.417600 0.71324
0.417700 0.71447
0.417800 0.71566
0.417900 0.71680
0.418000 0.71790
0.418100 0.71895
0.418200 0.71995
0.418300 0.72091
0.418400 0.72183
0.418500 0.72271
0.418600 0.72356
0.418700 0.72439
0.418800 0.72518
0.418900 0.72595
0.419000 0.72670
0.419100 0.72743
0.419200 0.72815
0.419300 0.72885
0.419400 0.72955
0.419500 0.73024
0.419600 0.73093
0.419700 0.73161
0.419800 0.73230
0.419900 0.73300
0.420000 0.73370
0.420100 0.73441
0.420200 0.73514
0.420300 0.73588
0.420400 0.73663
0.420500 0.73738
0.420600 0.73815
0.420700 0.73893
0.420800 0.73971
0.420900 0.74050
0.421000 0.74130
0.421100 0.74211
0.421200 0.74292
0.421300 0.74374
0.421400 0.74456
0.421500 0.74539
0.421600 0.74622
0.421700 0.74706
0.421800 0.74790
0.421900 0.74875
0.422000 0.74960
0.422100 0.75045
0.422200 0.75130
0.422300 0.75215
0.422400 0.75299
0.422500 0.75382
0.422600 0.75464
0.422700 0.75544
0.422800 0.75622
0.422900 0.75697
0.423000 0.75770
0.423100 0.75840
0.423200 0.75906
0.423300 0.75968
0.423400 0.76027
0.423500 0.76081
0.423600 0.76130
0.423700 0.76174
0.423800 0.76212
0.423900 0.76244
0.424000 0.76270
0.424100 0.76289
0.424200 0.76302
0.424300 0.76308
0.424400 0.76307
0.424500 0.76300
0.424600 0.76286
0.424700 0.76265
0.424800 0.76237
0.424900 0.76202
0.425000 0.76160
0.425100 0.76111
0.425200 0.76056
0.425300 0.75994
0.425400 0.75925
0.425500 0.75851
0.425600 0.75770
0.425700 0.75683
0.425800 0.75591
0.425900 0.75493
0.426000 0.75390
0.426100 0.75282
0.426200 0.75169
0.426300 0.75052
0.426400 0.74931
0.426500 0.74808
0.426600 0.74683
0.426700 0.74555
0.426800 0.74427
0.426900 0.74299
0.427000 0.74170
0.427100 0.74042
0.427200 0.73915
0.427300 0.73790
0.427400 0.73666
0.427500 0.73544
0.427600 0.73425
0.427700 0.73309
0.427800 0.73196
0.427900 0.73086
0.428000 0.72980
0.428100 0.72878
0.428200 0.72781
0.428300 0.72690
0.428400 0.72604
0.428500 0.72524
0.428600 0.72452
0.428700 0.72386
0.428800 0.72329
0.428900 0.72280
0.429000 0.72240
0.429100 0.72209
0.429200 0.72188
0.429300 0.72177
0.429400 0.72176
0.429500 0.72184
0.429600 0.72203
0.429700 0.72231
0.429800 0.72270
0.429900 0.72320
0.430000 0.72380
0.430100 0.72451
0.430200 0.72532
0.430300 0.72623
0.430400 0.72724
0.430500 0.72834
0.430600 0.72954
0.430700 0.73083
0.430800 0.73220
0.430900 0.73366
0.431000 0.73520
0.431100 0.73682
0.431200 0.73851
0.431300 0.74027
0.431400 0.74211
0.431500 0.74400
0.431600 0.74595
0.431700 0.74797
0.431800 0.75003
0.431900 0.75214
0.432000 0.75430
0.432100 0.75650
0.432200 0.75874
0.432300 0.76100
0.432400 0.76329
0.432500 0.76561
0.432600 0.76793
0.432700 0.77027
0.432800 0.77262
0.432900 0.77496
0.433000 0.77730
0.433100 0.77963
0.433200 0.78194
0.433300 0.78422
0.433400 0.78648
0.433500 0.78870
0.433600 0.79087
0.433700 0.79300
0.433800 0.79506
0.433900 0.79707
0.434000 0.79900
0.434100 0.80086
0.434200 0.80263
0.434300 0.80433
0.434400 0.80593
0.434500 0.80745
0.434600 0.80888
0.434700 0.81021
0.434800 0.81144
0.434900 0.81257
0.435000 0.81360
0.435100 0.81452
0.435200 0.81534
0.435300 0.81605
0.435400 0.81665
0.435500 0.81716
0.435600 0.81757
0.435700 0.81787
0.435800 0.81808
0.435900 0.81819
0.436000 0.81820
0.436100 0.81812
0.436200 0.81795
0.436300 0.81769
0.436400 0.81736
0.436500 0.81695
0.436600 0.81646
0.436700 0.81591
0.436800 0.81530
0.436900 0.81463
0.437000 0.81390
0.437100 0.81313
0.437200 0.81231
0.437300 0.81146
0.437400 0.81057
0.437500 0.80966
0.437600 0.80872
0.437700 0.80778
0.437800 0.80682
0.437900 0.80586
0.438000 0.80490
0.438100 0.80395
0.438200 0.80301
0.438300 0.80208
0.438400 0.80118
0.438500 0.80030
0.438600 0.79945
0.438700 0.79863
0.438800 0.79784
0.438900 0.79710
0.439000 0.79640
0.439100 0.79575
0.439200 0.79515
0.439300 0.79460
0.439400 0.79410
0.439500 0.79366
0.439600 0.79329
0.439700 0.79297
0.439800 0.79271
0.439900 0.79252
0.440000 0.79240
0.440100 0.79235
0.440200 0.79236
0.440300 0.79245
0.440400 0.79260
0.440500 0.79283
0.440600 0.79312
0.440700 0.79349
0.440800 0.79392
0.440900 0.79443
0.441000 0.79500
0.441100 0.79564
0.441200 0.79635
0.441300 0.79712
0.441400 0.79795
0.441500 0.79884
0.441600 0.79978
0.441700 0.80077
0.441800 0.80181
0.441900 0.80288
0.442000 0.80400
0.442100 0.80515
0.442200 0.80634
0.442300 0.80756
0.442400 0.80881
0.442500 0.81008
0.442600 0.81138
0.442700 0.81271
0.442800 0.81405
0.442900 0.81542
0.443000 0.81680
0.443100 0.81820
0.443200 0.81960
0.443300 0.82102
0.443400 0.82243
0.443500 0.82384
0.443600 0.82525
0.443700 0.82664
0.443800 0.82801
0.443900 0.82937
0.444000 0.83070
0.444100 0.83200
0.444200 0.83327
0.444300 0.83451
0.444400 0.83571
0.444500 0.83688
0.444600 0.83801
0.444700 0.83909
0.444800 0.84014
0.444900 0.84114
0.445000 0.84210
0.445100 0.84301
0.445200 0.84387
0.445300 0.84469
0.445400 0.84546
0.445500 0.84617
0.445600 0.84684
0.445700 0.84746
0.445800 0.84802
0.445900 0.84854
0.446000 0.84900
0.446100 0.84941
0.446200 0.84977
0.446300 0.85007
0.446400 0.85033
0.446500 0.85054
0.446600 0.85070
0.446700 0.85082
0.446800 0.85089
0.446900 0.85092
0.447000 0.85090
0.447100 0.85084
0.447200 0.85075
0.447300 0.85061
0.447400 0.85044
0.447500 0.85024
0.447600 0.85000
0.447700 0.84974
0.447800 0.84945
0.447900 0.84914
0.448000 0.84880
0.448100 0.84844
0.448200 0.84807
0.448300 0.84768
0.448400 0.84728
0.448500 0.84687
0.448600 0.84646
0.448700 0.84604
0.448800 0.84562
0.448900 0.84521
0.449000 0.84480
0.449100 0.84440
0.449200 0.84401
0.449300 0.84364
0.449400 0.84328
0.449500 0.84294
0.449600 0.84262
0.449700 0.84232
0.449800 0.84205
0.449900 0.84181
0.450000 0.84160
0.450100 0.84142
0.450200 0.84128
0.450300 0.84117
0.450400 0.84109
0.450500 0.84104
0.450600 0.84103
0.450700 0.84105
0.450800 0.84110
0.450900 0.84118
0.451000 0.84130
0.451100 0.84145
0.451200 0.84162
0.451300 0.84183
0.451400 0.84207
0.451500 0.84234
0.451600 0.84263
0.451700 0.84296
0.451800 0.84331
0.451900 0.84369
0.452000 0.84410
0.452100 0.84453
0.452200 0.84499
0.452300 0.84548
0.452400 0.84598
0.452500 0.84652
0.452600 0.84707
0.452700 0.84765
0.452800 0.84824
0.452900 0.84886
0.453000 0.84950
0.453100 0.85016
0.453200 0.85083
0.453300 0.85152
0.453400 0.85221
0.453500 0.85292
0.453600 0.85364
0.453700 0.85435
0.453800 0.85507
0.453900 0.85579
0.454000 0.85650
0.454100 0.85721
0.454200 0.85791
0.454300 0.85860
0.454400 0.85928
0.454500 0.85996
0.454600 0.86063
0.454700 0.86128
0.454800 0.86193
0.454900 0.86257
0.455000 0.86320
0.455100 0.86382
0.455200 0.86442
0.455300 0.86502
0.455400 0.86560
0.455500 0.86617
0.455600 0.86672
0.455700 0.86726
0.455800 0.86779
0.455900 0.86830
0.456000 0.86880
0.456100 0.86928
0.456200 0.86975
0.456300 0.87020
0.456400 0.87063
0.456500 0.87104
0.456600 0.87143
0.456700 0.87181
0.456800 0.87216
0.456900 0.87249
0.457000 0.87280
0.457100 0.87309
0.457200 0.87335
0.457300 0.87360
0.457400 0.87382
0.457500 0.87403
0.457600 0.87421
0.457700 0.87438
0.457800 0.87454
0.457900 0.87468
0.458000 0.87480
0.458100 0.87491
0.458200 0.87501
0.458300 0.87510
0.458400 0.87517
0.458500 0.87524
0.458600 0.87530
0.458700 0.87536
0.458800 0.87541
0.458900 0.87546
0.459000 0.87550
0.459100 0.87554
0.459200 0.87559
0.459300 0.87563
0.459400 0.87568
0.459500 0.87572
0.459600 0.87577
0.459700 0.87582
0.459800 0.87588
0.459900 0.87594
0.460000 0.87600
0.460100 0.87607
0.460200 0.87614
0.460300 0.87622
0.460400 0.87631
0.460500 0.87641
0.460600 0.87651
0.460700 0.87662
0.460800 0.87674
0.460900 0.87686
0.461000 0.87700
0.461100 0.87715
0.461200 0.87730
0.461300 0.87747
0.461400 0.87764
0.461500 0.87782
0.461600 0.87800
0.461700 0.87819
0.461800 0.87839
0.461900 0.87859
0.462000 0.87880
0.462100 0.87901
0.462200 0.87922
0.462300 0.87944
0.462400 0.87966
0.462500 0.87988
0.462600 0.88010
0.462700 0.88032
0.462800 0.88055
0.462900 0.88077
0.463000 0.88100
0.463100 0.88123
0.463200 0.88145
0.463300 0.88168
0.463400 0.88191
0.463500 0.88215
0.463600 0.88239
0.463700 0.88263
0.463800 0.88288
0.463900 0.88314
0.464000 0.88340
0.464100 0.88367
0.464200 0.88395
0.464300 0.88423
0.464400 0.88451
0.464500 0.88480
0.464600 0.88508
0.464700 0.88537
0.464800 0.88565
0.464900 0.88593
0.465000 0.88620
0.465100 0.88646
0.465200 0.88672
0.465300 0.88697
0.465400 0.88721
0.465500 0.88744
0.465600 0.88767
0.465700 0.88789
0.465800 0.88810
0.465900 0.88830
0.466000 0.88850
0.466100 0.88869
0.466200 0.88887
0.466300 0.88905
0.466400 0.88921
0.466500 0.88938
0.466600 0.88953
0.466700 0.88968
0.466800 0.88983
0.466900 0.88997
0.467000 0.89010
0.467100 0.89023
0.467200 0.89035
0.467300 0.89047
0.467400 0.89059
0.467500 0.89070
0.467600 0.89080
0.467700 0.89091
0.467800 0.89101
0.467900 0.89110
0.468000 0.89120
0.468100 0.89129
0.468200 0.89138
0.468300 0.89147
0.468400 0.89156
0.468500 0.89165
0.468600 0.89174
0.468700 0.89183
0.468800 0.89192
0.468900 0.89201
0.469000 0.89210
0.469100 0.89219
0.469200 0.89229
0.469300 0.89239
0.469400 0.89249
0.469500 0.89259
0.469600 0.89269
0.469700 0.89279
0.469800 0.89289
0.469900 0.89300
0.470000 0.89310
0.470100 0.89320
0.470200 0.89331
0.470300 0.89341
0.470400 0.89352
0.470500 0.89362
0.470600 0.89373
0.470700 0.89385
0.470800 0.89396
0.470900 0.89408
0.471000 0.89420
0.471100 0.89433
0.471200 0.89446
0.471300 0.89459
0.471400 0.89473
0.471500 0.89487
0.471600 0.89501
0.471700 0.89515
0.471800 0.89530
0.471900 0.89545
0.472000 0.89560
0.472100 0.89575
0.472200 0.89590
0.472300 0.89605
0.472400 0.89620
0.472500 0.89635
0.472600 0.89649
0.472700 0.89663
0.472800 0.89676
0.472900 0.89688
0.473000 0.89700
0.473100 0.89711
0.473200 0.89721
0.473300 0.89730
0.473400 0.89738
0.473500 0.89745
0.473600 0.89752
0.473700 0.89757
0.473800 0.89762
0.473900 0.89767
0.474000 0.89770
0.474100 0.89773
0.474200 0.89775
0.474300 0.89776
0.474400 0.89777
0.474500 0.89777
0.474600 0.89777
0.474700 0.89776
0.474800 0.89774
0.474900 0.89772
0.475000 0.89770
0.475100 0.89767
0.475200 0.89764
0.475300 0.89760
0.475400 0.89756
0.475500 0.89751
0.475600 0.89746
0.475700 0.89740
0.475800 0.89734
0.475900 0.89727
0.476000 0.89720
0.476100 0.89712
0.476200 0.89704
0.476300 0.89694
0.476400 0.89684
0.476500 0.89673
0.476600 0.89661
0.476700 0.89648
0.476800 0.89633
0.476900 0.89617
0.477000 0.89600
0.477100 0.89581
0.477200 0.89561
0.477300 0.89539
0.477400 0.89517
0.477500 0.89493
0.477600 0.89469
0.477700 0.89445
0.477800 0.89420
0.477900 0.89395
0.478000 0.89370
0.478100 0.89345
0.478200 0.89321
0.478300 0.89297
0.478400 0.89274
0.478500 0.89251
0.478600 0.89229
0.478700 0.89208
0.478800 0.89188
0.478900 0.89168
0.479000 0.89150
0.479100 0.89133
0.479200 0.89117
0.479300 0.89102
0.479400 0.89087
0.479500 0.89074
0.479600 0.89061
0.479700 0.89048
0.479800 0.89035
0.479900 0.89023
0.480000 0.89010
0.480100 0.88997
0.480200 0.88985
0.480300 0.88972
0.480400 0.88960
0.480500 0.88949
0.480600 0.88938
0.480700 0.88929
0.480800 0.88921
0.480900 0.88915
0.481000 0.88910
0.481100 0.88907
0.481200 0.88907
0.481300 0.88908
0.481400 0.88912
0.481500 0.88918
0.481600 0.88926
0.481700 0.88936
0.481800 0.88949
0.481900 0.88963
0.482000 0.88980
0.482100 0.88999
0.482200 0.89020
0.482300 0.89043
0.482400 0.89068
0.482500 0.89094
0.482600 0.89122
0.482700 0.89150
0.482800 0.89180
0.482900 0.89210
0.483000 0.89240
0.483100 0.89271
0.483200 0.89301
0.483300 0.89332
0.483400 0.89364
0.483500 0.89396
0.483600 0.89428
0.483700 0.89460
0.483800 0.89493
0.483900 0.89526
0.484000 0.89560
0.484100 0.89594
0.484200 0.89629
0.484300 0.89664
0.484400 0.89700
0.484500 0.89737
0.484600 0.89774
0.484700 0.89812
0.484800 0.89851
0.484900 0.89890
0.485000 0.89930
0.485100 0.89971
0.485200 0.90012
0.485300 0.90054
0.485400 0.90097
0.485500 0.90139
0.485600 0.90182
0.485700 0.90224
0.485800 0.90267
0.485900 0.90309
0.486000 0.90350
0.486100 0.90391
0.486200 0.90431
0.486300 0.90470
0.486400 0.90509
0.486500 0.90547
0.486600 0.90585
0.486700 0.90622
0.486800 0.90659
0.486900 0.90695
0.487000 0.90730
0.487100 0.90765
0.487200 0.90799
0.487300 0.90833
0.487400 0.90866
0.487500 0.90897
0.487600 0.90928
0.487700 0.90958
0.487800 0.90987
0.487900 0.91014
0.488000 0.91040
0.488100 0.91065
0.488200 0.91088
0.488300 0.91109
0.488400 0.91129
0.488500 0.91148
0.488600 0.91165
0.488700 0.91181
0.488800 0.91195
0.488900 0.91208
0.489000 0.91220
0.489100 0.91230
0.489200 0.91239
0.489300 0.91247
0.489400 0.91253
0.489500 0.91259
0.489600 0.91263
0.489700 0.91266
0.489800 0.91268
0.489900 0.91269
0.490000 0.91270
0.490100 0.91270
0.490200 0.91269
0.490300 0.91267
0.490400 0.91265
0.490500 0.91263
0.490600 0.91261
0.490700 0.91258
0.490800 0.91255
0.490900 0.91252
0.491000 0.91250
0.491100 0.91248
0.491200 0.91246
0.491300 0.91244
0.491400 0.91242
0.491500 0.91240
0.491600 0.91238
0.491700 0.91236
0.491800 0.91234
0.491900 0.91232
0.492000 0.91230
0.492100 0.91228
0.492200 0.91225
0.492300 0.91222
0.492400 0.91219
0.492500 0.91217
0.492600 0.91215
0.492700 0.91213
0.492800 0.91211
0.492900 0.91210
0.493000 0.91210
0.493100 0.91211
0.493200 0.91212
0.493300 0.91214
0.493400 0.91217
0.493500 0.91220
0.493600 0.91225
0.493700 0.91230
0.493800 0.91236
0.493900 0.91242
0.494000 0.91250
0.494100 0.91258
0.494200 0.91267
0.494300 0.91277
0.494400 0.91287
0.494500 0.91298
0.494600 0.91310
0.494700 0.91322
0.494800 0.91334
0.494900 0.91347
0.495000 0.91360
0.495100 0.91373
0.495200 0.91387
0.495300 0.91401
0.495400 0.91416
0.495500 0.91430
0.495600 0.91445
0.495700 0.91461
0.495800 0.91477
0.495900 0.91493
0.496000 0.91510
0.496100 0.91527
0.496200 0.91545
0.496300 0.91563
0.496400 0.91581
0.496500 0.91599
0.496600 0.91618
0.496700 0.91636
0.496800 0.91654
0.496900 0.91672
0.497000 0.91690
0.497100 0.91707
0.497200 0.91724
0.497300 0.91741
0.497400 0.91757
0.497500 0.91772
0.497600 0.91787
0.497700 0.91801
0.497800 0.91815
0.497900 0.91828
0.498000 0.91840
0.498100 0.91852
0.498200 0.91862
0.498300 0.91872
0.498400 0.91881
0.498500 0.91889
0.498600 0.91895
0.498700 0.91901
0.498800 0.91905
0.498900 0.91908
0.499000 0.91910
0.499100 0.91910
0.499200 0.91909
0.499300 0.91906
0.499400 0.91903
0.499500 0.91897
0.499600 0.91890
0.499700 0.91882
0.499800 0.91873
0.499900 0.91862
0.500000 0.91850
0.500100 0.91837
0.500200 0.91822
0.500300 0.91806
0.500400 0.91790
0.500500 0.91772
0.500600 0.91753
0.500700 0.91733
0.500800 0.91713
0.500900 0.91692
0.501000 0.91670
0.501100 0.91648
0.501200 0.91625
0.501300 0.91601
0.501400 0.91576
0.501500 0.91551
0.501600 0.91525
0.501700 0.91498
0.501800 0.91470
0.501900 0.91440
0.502000 0.91410
0.502100 0.91378
0.502200 0.91346
0.502300 0.91312
0.502400 0.91277
0.502500 0.91241
0.502600 0.91205
0.502700 0.91167
0.502800 0.91129
0.502900 0.91090
0.503000 0.91050
0.503100 0.91010
0.503200 0.90969
0.503300 0.90928
0.503400 0.90886
0.503500 0.90845
0.503600 0.90803
0.503700 0.90762
0.503800 0.90721
0.503900 0.90680
0.504000 0.90640
0.504100 0.90600
0.504200 0.90561
0.504300 0.90523
0.504400 0.90486
0.504500 0.90449
0.504600 0.90413
0.504700 0.90379
0.504800 0.90345
0.504900 0.90312
0.505000 0.90280
0.505100 0.90249
0.505200 0.90220
0.505300 0.90191
0.505400 0.90164
0.505500 0.90138
0.505600 0.90114
0.505700 0.90091
0.505800 0.90069
0.505900 0.90049
0.506000 0.90030
0.506100 0.90013
0.506200 0.89997
0.506300 0.89983
0.506400 0.89971
0.506500 0.89960
0.506600 0.89951
0.506700 0.89943
0.506800 0.89937
0.506900 0.89933
0.507000 0.89930
0.507100 0.89929
0.507200 0.89929
0.507300 0.89931
0.507400 0.89934
0.507500 0.89939
0.507600 0.89945
0.507700 0.89952
0.507800 0.89960
0.507900 0.89970
0.508000 0.89980
0.508100 0.89991
0.508200 0.90004
0.508300 0.90017
0.508400 0.90031
0.508500 0.90046
0.508600 0.90063
0.508700 0.90080
0.508800 0.90099
0.508900 0.90119
0.509000 0.90140
0.509100 0.90162
0.509200 0.90186
0.509300 0.90211
0.509400 0.90237
0.509500 0.90265
0.509600 0.90294
0.509700 0.90323
0.509800 0.90355
0.509900 0.90387
0.510000 0.90420
0.510100 0.90454
0.510200 0.90490
0.510300 0.90526
0.510400 0.90564
0.510500 0.90602
0.510600 0.90640
0.510700 0.90680
0.510800 0.90719
0.510900 0.90760
0.511000 0.90800
0.511100 0.90841
0.511200 0.90881
0.511300 0.90922
0.511400 0.90962
0.511500 0.91002
0.511600 0.91041
0.511700 0.91080
0.511800 0.91118
0.511900 0.91154
0.512000 0.91190
0.512100 0.91224
0.512200 0.91257
0.512300 0.91289
0.512400 0.91320
0.512500 0.91350
0.512600 0.91379
0.512700 0.91408
0.512800 0.91435
0.512900 0.91463
0.513000 0.91490
0.513100 0.91517
0.513200 0.91543
0.513300 0.91569
0.513400 0.91595
0.513500 0.91619
0.513600 0.91643
0.513700 0.91667
0.513800 0.91689
0.513900 0.91710
0.514000 0.91730
0.514100 0.91749
0.514200 0.91766
0.514300 0.91783
0.514400 0.91798
0.514500 0.91811
0.514600 0.91824
0.514700 0.91835
0.514800 0.91845
0.514900 0.91853
0.515000 0.91860
0.515100 0.91866
0.515200 0.91870
0.515300 0.91873
0.515400 0.91874
0.515500 0.91875
0.515600 0.91874
0.515700 0.91872
0.515800 0.91869
0.515900 0.91865
0.516000 0.91860
0.516100 0.91854
0.516200 0.91847
0.516300 0.91839
0.516400 0.91830
0.516500 0.91820
0.516600 0.91809
0.516700 0.91798
0.516800 0.91786
0.516900 0.91773
0.517000 0.91760
0.517100 0.91746
0.517200 0.91732
0.517300 0.91717
0.517400 0.91701
0.517500 0.91685
0.517600 0.91669
0.517700 0.91652
0.517800 0.91635
0.517900 0.91618
0.518000 0.91600
0.518100 0.91582
0.518200 0.91564
0.518300 0.91545
0.518400 0.91526
0.518500 0.91507
0.518600 0.91488
0.518700 0.91469
0.518800 0.91449
0.518900 0.91430
0.519000 0.91410
0.519100 0.91390
0.519200 0.91370
0.519300 0.91351
0.519400 0.91331
0.519500 0.91312
0.519600 0.91292
0.519700 0.91274
0.519800 0.91255
0.519900 0.91237
0.520000 0.91220
0.520100 0.91203
0.520200 0.91187
0.520300 0.91172
0.520400 0.91156
0.520500 0.91142
0.520600 0.91127
0.520700 0.91113
0.520800 0.91098
0.520900 0.91084
0.521000 0.91070
0.521100 0.91056
0.521200 0.91041
0.521300 0.91027
0.521400 0.91013
0.521500 0.90999
0.521600 0.90984
0.521700 0.90970
0.521800 0.90957
0.521900 0.90943
0.522000 0.90930
0.522100 0.90917
0.522200 0.90905
0.522300 0.90892
0.522400 0.90881
0.522500 0.90869
0.522600 0.90859
0.522700 0.90848
0.522800 0.90838
0.522900 0.90829
0.523000 0.90820
0.523100 0.90812
0.523200 0.90804
0.523300 0.90796
0.523400 0.90789
0.523500 0.90782
0.523600 0.90776
0.523700 0.90769
0.523800 0.90763
0.523900 0.90756
0.524000 0.90750
0.524100 0.90744
0.524200 0.90737
0.524300 0.90731
0.524400 0.90724
0.524500 0.90718
0.524600 0.90712
0.524700 0.90706
0.524800 0.90700
0.524900 0.90695
0.525000 0.90690
0.525100 0.90685
0.525200 0.90681
0.525300 0.90677
0.525400 0.90673
0.525500 0.90670
0.525600 0.90666
0.525700 0.90662
0.525800 0.90658
0.525900 0.90654
0.526000 0.90650
0.526100 0.90645
0.526200 0.90640
0.526300 0.90635
0.526400 0.90629
0.526500 0.90623
0.526600 0.90615
0.526700 0.90608
0.526800 0.90599
0.526900 0.90590
0.527000 0.90580
0.527100 0.90569
0.527200 0.90557
0.527300 0.90545
0.527400 0.90532
0.527500 0.90518
0.527600 0.90503
0.527700 0.90488
0.527800 0.90473
0.527900 0.90456
0.528000 0.90440
0.528100 0.90423
0.528200 0.90406
0.528300 0.90389
0.528400 0.90372
0.528500 0.90354
0.528600 0.90337
0.528700 0.90320
0.528800 0.90303
0.528900 0.90286
0.529000 0.90270
0.529100 0.90254
0.529200 0.90238
0.529300 0.90223
0.529400 0.90207
0.529500 0.90191
0.529600 0.90175
0.529700 0.90158
0.529800 0.90140
0.529900 0.90120
0.530000 0.90100
0.530100 0.90078
0.530200 0.90055
0.530300 0.90031
0.530400 0.90005
0.530500 0.89979
0.530600 0.89952
0.530700 0.89925
0.530800 0.89897
0.530900 0.89868
0.531000 0.89840
0.531100 0.89812
0.531200 0.89783
0.531300 0.89755
0.531400 0.89727
0.531500 0.89699
0.531600 0.89671
0.531700 0.89643
0.531800 0.89615
0.531900 0.89587
0.532000 0.89560
0.532100 0.89533
0.532200 0.89505
0.532300 0.89478
0.532400 0.89451
0.532500 0.89424
0.532600 0.89397
0.532700 0.89371
0.532800 0.89344
0.532900 0.89317
0.533000 0.89290
0.533100 0.89263
0.533200 0.89236
0.533300 0.89209
0.533400 0.89181
0.533500 0.89153
0.533600 0.89124
0.533700 0.89095
0.533800 0.89064
0.533900 0.89033
0.534000 0.89000
0.534100 0.88966
0.534200 0.88931
0.534300 0.88896
0.534400 0.88859
0.534500 0.88822
0.534600 0.88784
0.534700 0.88746
0.534800 0.88707
0.534900 0.88669
0.535000 0.88630
0.535100 0.88592
0.535200 0.88553
0.535300 0.88515
0.535400 0.88477
0.535500 0.88438
0.535600 0.88399
0.535700 0.88360
0.535800 0.88321
0.535900 0.88281
0.536000 0.88240
0.536100 0.88199
0.536200 0.88157
0.536300 0.88114
0.536400 0.88070
0.536500 0.88026
0.536600 0.87981
0.536700 0.87935
0.536800 0.87887
0.536900 0.87839
0.537000 0.87790
0.537100 0.87740
0.537200 0.87688
0.537300 0.87635
0.537400 0.87582
0.537500 0.87527
0.537600 0.87470
0.537700 0.87412
0.537800 0.87353
0.537900 0.87292
0.538000 0.87230
0.538100 0.87166
0.538200 0.87101
0.538300 0.87034
0.538400 0.86965
0.538500 0.86894
0.538600 0.86822
0.538700 0.86747
0.538800 0.86670
0.538900 0.86591
0.539000 0.86510
0.539100 0.86427
0.539200 0.86340
0.539300 0.86252
0.539400 0.86161
0.539500 0.86068
0.539600 0.85972
0.539700 0.85873
0.539800 0.85772
0.539900 0.85667
0.540000 0.85560
0.540100 0.85450
0.540200 0.85336
0.540300 0.85219
0.540400 0.85098
0.540500 0.84972
0.540600 0.84841
0.540700 0.84705
0.540800 0.84563
0.540900 0.84415
0.541000 0.84260
0.541100 0.84098
0.541200 0.83929
0.541300 0.83753
0.541400 0.83569
0.541500 0.83378
0.541600 0.83179
0.541700 0.82971
0.541800 0.82756
0.541900 0.82532
0.542000 0.82300
0.542100 0.82059
0.542200 0.81810
0.542300 0.81551
0.542400 0.81283
0.542500 0.81006
0.542600 0.80720
0.542700 0.80425
0.542800 0.80120
0.542900 0.79805
0.543000 0.79480
0.543100 0.79145
0.543200 0.78800
0.543300 0.78445
0.543400 0.78079
0.543500 0.77701
0.543600 0.77313
0.543700 0.76912
0.543800 0.76500
0.543900 0.76076
0.544000 0.75640
0.544100 0.75191
0.544200 0.74729
0.544300 0.74255
0.544400 0.73768
0.544500 0.73268
0.544600 0.72754
0.544700 0.72228
0.544800 0.71689
0.544900 0.71136
0.545000 0.70570
0.545100 0.69991
0.545200 0.69398
0.545300 0.68794
0.545400 0.68177
0.545500 0.67549
0.545600 0.66909
0.545700 0.66259
0.545800 0.65599
0.545900 0.64929
0.546000 0.64250
0.546100 0.63562
0.546200 0.62866
0.546300 0.62162
0.546400 0.61451
0.546500 0.60733
0.546600 0.60009
0.546700 0.59279
0.546800 0.58544
0.546900 0.57804
0.547000 0.57060
0.547100 0.56312
0.547200 0.55561
0.547300 0.54807
0.547400 0.54050
0.547500 0.53291
0.547600 0.52530
0.547700 0.51766
0.547800 0.51002
0.547900 0.50236
0.548000 0.49470
0.548100 0.48703
0.548200 0.47937
0.548300 0.47171
0.548400 0.46406
0.548500 0.45644
0.548600 0.44884
0.548700 0.44127
0.548800 0.43373
0.548900 0.42624
0.549000 0.41880
0.549100 0.41141
0.549200 0.40408
0.549300 0.39682
0.549400 0.38962
0.549500 0.38249
0.549600 0.37544
0.549700 0.36847
0.549800 0.36159
0.549900 0.35480
0.550000 0.34810
0.550100 0.34150
0.550200 0.33500
0.550300 0.32860
0.550400 0.32229
0.550500 0.31608
0.550600 0.30997
0.550700 0.30396
0.550800 0.29804
0.550900 0.29222
0.551000 0.28650
0.551100 0.28087
0.551200 0.27534
0.551300 0.26990
0.551400 0.26456
0.551500 0.25931
0.551600 0.25416
0.551700 0.24910
0.551800 0.24414
0.551900 0.23927
0.552000 0.23450
0.552100 0.22982
0.552200 0.22523
0.552300 0.22074
0.552400 0.21633
0.552500 0.21201
0.552600 0.20778
0.552700 0.20364
0.552800 0.19958
0.552900 0.19560
0.553000 0.19170
0.553100 0.18788
0.553200 0.18414
0.553300 0.18048
0.553400 0.17689
0.553500 0.17338
0.553600 0.16994
0.553700 0.16658
0.553800 0.16328
0.553900 0.16006
0.554000 0.15690
0.554100 0.15381
0.554200 0.15079
0.554300 0.14783
0.554400 0.14493
0.554500 0.14210
0.554600 0.13933
0.554700 0.13661
0.554800 0.13395
0.554900 0.13135
0.555000 0.12880
0.555100 0.12630
0.555200 0.12386
0.555300 0.12146
0.555400 0.11912
0.555500 0.11683
0.555600 0.11458
0.555700 0.11239
0.555800 0.11024
0.555900 0.10815
0.556000 0.10610
0.556100 0.10410
0.556200 0.10215
0.556300 0.10023
0.556400 0.09837
0.556500 0.09654
0.556600 0.09475
0.556700 0.09300
0.556800 0.09128
0.556900 0.08959
0.557000 0.08794
0.557100 0.08632
0.557200 0.08472
0.557300 0.08316
0.557400 0.08162
0.557500 0.08011
0.557600 0.07863
0.557700 0.07717
0.557800 0.07575
0.557900 0.07435
0.558000 0.07297
0.558100 0.07162
0.558200 0.07030
0.558300 0.06900
0.558400 0.06772
0.558500 0.06647
0.558600 0.06525
0.558700 0.06405
0.558800 0.06287
0.558900 0.06171
0.559000 0.06058
0.559100 0.05947
0.559200 0.05838
0.559300 0.05731
0.559400 0.05627
0.559500 0.05524
0.559600 0.05423
0.559700 0.05324
0.559800 0.05227
0.559900 0.05132
0.560000 0.05038
0.560100 0.04946
0.560200 0.04855
0.560300 0.04766
0.560400 0.04679
0.560500 0.04593
0.560600 0.04508
0.560700 0.04425
0.560800 0.04343
0.560900 0.04262
0.561000 0.04182
0.561100 0.04104
0.561200 0.04026
0.561300 0.03950
0.561400 0.03875
0.561500 0.03802
0.561600 0.03729
0.561700 0.03658
0.561800 0.03588
0.561900 0.03519
0.562000 0.03452
0.562100 0.03386
0.562200 0.03321
0.562300 0.03258
0.562400 0.03195
0.562500 0.03134
0.562600 0.03074
0.562700 0.03015
0.562800 0.02957
0.562900 0.02900
0.563000 0.02844
0.563100 0.02789
0.563200 0.02735
0.563300 0.02682
0.563400 0.02630
0.563500 0.02578
0.563600 0.02527
0.563700 0.02478
0.563800 0.02429
0.563900 0.02380
0.564000 0.02333
0.564100 0.02286
0.564200 0.02240
0.564300 0.02195
0.564400 0.02150
0.564500 0.02107
0.564600 0.02064
0.564700 0.02021
0.564800 0.01980
0.564900 0.01940
0.565000 0.01900
0.565100 0.01861
0.565200 0.01823
0.565300 0.01786
0.565400 0.01750
0.565500 0.01715
0.565600 0.01680
0.565700 0.01646
0.565800 0.01613
0.565900 0.01581
0.566000 0.01549
0.566100 0.01518
0.566200 0.01488
0.566300 0.01458
0.566400 0.01429
0.566500 0.01400
0.566600 0.01372
0.566700 0.01345
0.566800 0.01318
0.566900 0.01292
0.567000 0.01266
0.567100 0.01241
0.567200 0.01216
0.567300 0.01192
0.567400 0.01168
0.567500 0.01145
0.567600 0.01123
0.567700 0.01100
0.567800 0.01078
0.567900 0.01057
0.568000 0.01036
0.568100 0.01015
0.568200 0.00995
0.568300 0.00975
0.568400 0.00956
0.568500 0.00937
0.568600 0.00918
0.568700 0.00900
0.568800 0.00882
0.568900 0.00864
0.569000 0.00847
0.569100 0.00830
0.569200 0.00813
0.569300 0.00797
0.569400 0.00781
0.569500 0.00765
0.569600 0.00750
0.569700 0.00735
0.569800 0.00720
0.569900 0.00706
0.570000 0.00693
0.570100 0.00679
0.570200 0.00667
0.570300 0.00654
0.570400 0.00642
0.570500 0.00631
0.570600 0.00619
0.570700 0.00608
0.570800 0.00598
0.570900 0.00587
0.571000 0.00577
0.571100 0.00567
0.571200 0.00557
0.571300 0.00547
0.571400 0.00538
0.571500 0.00529
0.571600 0.00519
0.571700 0.00510
0.571800 0.00501
0.571900 0.00493
0.572000 0.00484
0.572100 0.00475
0.572200 0.00466
0.572300 0.00458
0.572400 0.00449
0.572500 0.00441
0.572600 0.00433
0.572700 0.00425
0.572800 0.00417
0.572900 0.00410
0.573000 0.00403
0.573100 0.00396
0.573200 0.00390
0.573300 0.00383
0.573400 0.00377
0.573500 0.00371
0.573600 0.00366
0.573700 0.00360
0.573800 0.00355
0.573900 0.00350
0.574000 0.00345
0.574100 0.00340
0.574200 0.00335
0.574300 0.00330
0.574400 0.00325
0.574500 0.00320
0.574600 0.00316
0.574700 0.00311
0.574800 0.00307
0.574900 0.00302
0.575000 0.00298
0.575100 0.00293
0.575200 0.00289
0.575300 0.00284
0.575400 0.00280
0.575500 0.00275
0.575600 0.00271
0.575700 0.00267
0.575800 0.00263
0.575900 0.00259
0.576000 0.00255
0.576100 0.00251
0.576200 0.00247
0.576300 0.00243
0.576400 0.00240
0.576500 0.00236
0.576600 0.00233
0.576700 0.00230
0.576800 0.00226
0.576900 0.00223
0.577000 0.00220
0.577100 0.00217
0.577200 0.00213
0.577300 0.00210
0.577400 0.00208
0.577500 0.00205
0.577600 0.00202
0.577700 0.00199
0.577800 0.00197
0.577900 0.00195
0.578000 0.00192
0.578100 0.00190
0.578200 0.00188
0.578300 0.00186
0.578400 0.00185
0.578500 0.00183
0.578600 0.00181
0.578700 0.00180
0.578800 0.00178
0.578900 0.00177
0.579000 0.00175
0.579100 0.00174
0.579200 0.00173
0.579300 0.00171
0.579400 0.00170
0.579500 0.00168
0.579600 0.00167
0.579700 0.00165
0.579800 0.00163
0.579900 0.00162
0.580000 0.00160
0.580100 0.00158
0.580200 0.00157
0.580300 0.00155
0.580400 0.00153
0.580500 0.00152
0.580600 0.00150
0.580700 0.00148
0.580800 0.00146
0.580900 0.00145
0.581000 0.00143
0.581100 0.00142
0.581200 0.00141
0.581300 0.00139
0.581400 0.00138
0.581500 0.00137
0.581600 0.00136
0.581700 0.00135
0.581800 0.00134
0.581900 0.00132
0.582000 0.00131
0.582100 0.00130
0.582200 0.00129
0.582300 0.00127
0.582400 0.00126
0.582500 0.00125
0.582600 0.00123
0.582700 0.00122
0.582800 0.00120
0.582900 0.00119
0.583000 0.00117
0.583100 0.00116
0.583200 0.00115
0.583300 0.00113
0.583400 0.00112
0.583500 0.00111
0.583600 0.00109
0.583700 0.00108
0.583800 0.00107
0.583900 0.00106
0.584000 0.00105
0.584100 0.00104
0.584200 0.00104
0.584300 0.00103
0.584400 0.00102
0.584500 0.00102
0.584600 0.00101
0.584700 0.00101
0.584800 0.00100
0.584900 0.00100
0.585000 0.00099
0.585100 0.00099
0.585200 0.00098
0.585300 0.00098
0.585400 0.00097
0.585500 0.00097
0.585600 0.00097
0.585700 0.00096
0.585800 0.00096
0.585900 0.00095
0.586000 0.00095
0.586100 0.00094
0.586200 0.00094
0.586300 0.00093
0.586400 0.00092
0.586500 0.00092
0.586600 0.00091
0.586700 0.00090
0.586800 0.00089
0.586900 0.00088
0.587000 0.00087
0.587100 0.00086
0.587200 0.00084
0.587300 0.00083
0.587400 0.00081
0.587500 0.00079
0.587600 0.00078
0.587700 0.00076
0.587800 0.00075
0.587900 0.00073
0.588000 0.00072
0.588100 0.00070
0.588200 0.00069
0.588300 0.00068
0.588400 0.00067
0.588500 0.00066
0.588600 0.00065
0.588700 0.00064
0.588800 0.00064
0.588900 0.00063
0.589000 0.00063
0.589100 0.00062
0.589200 0.00062
0.589300 0.00061
0.589400 0.00061
0.589500 0.00061
0.589600 0.00060
0.589700 0.00060
0.589800 0.00059
0.589900 0.00059
0.590000 0.00058
0.590100 0.00057
0.590200 0.00056
0.590300 0.00055
0.590400 0.00054
0.590500 0.00053
0.590600 0.00052
0.590700 0.00050
0.590800 0.00049
0.590900 0.00048
0.591000 0.00047
0.591100 0.00046
0.591200 0.00046
0.591300 0.00045
0.591400 0.00045
0.591500 0.00044
0.591600 0.00044
0.591700 0.00044
0.591800 0.00043
0.591900 0.00043
0.592000 0.00043
0.592100 0.00042
0.592200 0.00042
0.592300 0.00041
0.592400 0.00041
0.592500 0.00041
0.592600 0.00040
0.592700 0.00040
0.592800 0.00039
0.592900 0.00039
0.593000 0.00038
0.593100 0.00038
0.593200 0.00037
0.593300 0.00037
0.593400 0.00036
0.593500 0.00036
0.593600 0.00035
0.593700 0.00035
0.593800 0.00034
0.593900 0.00034
0.594000 0.00034
0.594100 0.00033
0.594200 0.00033
0.594300 0.00033
0.594400 0.00033
0.594500 0.00033
0.594600 0.00032
0.594700 0.00032
0.594800 0.00032
0.594900 0.00031
0.595000 0.00030
0.595100 0.00030
0.595200 0.00029
0.595300 0.00028
0.595400 0.00027
0.595500 0.00027
0.595600 0.00026
0.595700 0.00025
0.595800 0.00024
0.595900 0.00023
0.596000 0.00023
0.596100 0.00022
0.596200 0.00022
0.596300 0.00022
0.596400 0.00022
0.596500 0.00022
0.596600 0.00022
0.596700 0.00022
0.596800 0.00022
0.596900 0.00023
0.597000 0.00023
0.597100 0.00023
0.597200 0.00023
0.597300 0.00024
0.597400 0.00024
0.597500 0.00024
0.597600 0.00024
0.597700 0.00024
0.597800 0.00024
0.597900 0.00023
0.598000 0.00023
0.598100 0.00022
0.598200 0.00021
0.598300 0.00021
0.598400 0.00020
0.598500 0.00019
0.598600 0.00018
0.598700 0.00017
0.598800 0.00016
0.598900 0.00015
0.599000 0.00014
0.599100 0.00013
0.599200 0.00012
0.599300 0.00012
0.599400 0.00011
0.599500 0.00011
0.599600 0.00011
0.599700 0.00010
0.599800 0.00010
0.599900 0.00010
0.600000 0.00011
0.600100 0.00011
0.600200 0.00011
0.600300 0.00012
0.600400 0.00012
0.600500 0.00013
0.600600 0.00013
0.600700 0.00014
0.600800 0.00014
0.600900 0.00015
0.601000 0.00015
0.601100 0.00016
0.601200 0.00016
0.601300 0.00016
0.601400 0.00016
0.601500 0.00017
0.601600 0.00017
0.601700 0.00016
0.601800 0.00016
0.601900 0.00016
0.602000 0.00015
0.602100 0.00015
0.602200 0.00014
0.602300 0.00013
0.602400 0.00012
0.602500 0.00012
0.602600 0.00011
