0.460000 0.00000
0.461000 0.00000
0.462000 0.00000
0.463000 0.00000
0.464000 0.00000
0.465000 0.00000
0.466000 0.00000
0.467000 0.00000
0.468000 0.00000
0.469000 0.00012
0.470000 0.00127
0.471000 0.00243
0.472000 0.00359
0.473000 0.00540
0.474000 0.00872
0.475000 0.01208
0.476000 0.01573
0.477000 0.02176
0.478000 0.02938
0.479000 0.03699
0.480000 0.05232
0.481000 0.07537
0.482000 0.10272
0.483000 0.14010
0.484000 0.17221
0.485000 0.20302
0.486000 0.23382
0.487000 0.26765
0.488000 0.30225
0.489000 0.33727
0.490000 0.37269
0.491000 0.40759
0.492000 0.44038
0.493000 0.47317
0.494000 0.50596
0.495000 0.54346
0.496000 0.58566
0.497000 0.62786
0.498000 0.65763
0.499000 0.67496
0.500000 0.69152
0.501000 0.70494
0.502000 0.71837
0.503000 0.73708
0.504000 0.75638
0.505000 0.77568
0.506000 0.78758
0.507000 0.79866
0.508000 0.80707
0.509000 0.81371
0.510000 0.82034
0.511000 0.82495
0.512000 0.82820
0.513000 0.83146
0.514000 0.83471
0.515000 0.83774
0.516000 0.83872
0.517000 0.83970
0.518000 0.84068
0.519000 0.84138
0.520000 0.84141
0.521000 0.84145
0.522000 0.84148
0.523000 0.84152
0.524000 0.84155
0.525000 0.84158
0.526000 0.84162
0.527000 0.84165
0.528000 0.84168
0.529000 0.84172
0.530000 0.84175
0.531000 0.84179
0.532000 0.84182
0.533000 0.84185
0.534000 0.84189
0.535000 0.84192
0.536000 0.84195
0.537000 0.84213
0.538000 0.84290
0.539000 0.84367
0.540000 0.84444
0.541000 0.84520
0.542000 0.84597
0.543000 0.84674
0.544000 0.84750
0.545000 0.84823
0.546000 0.84895
0.547000 0.84966
0.548000 0.85037
0.549000 0.85108
0.550000 0.85165
0.551000 0.85198
0.552000 0.85231
0.553000 0.85265
0.554000 0.85298
0.555000 0.85331
0.556000 0.85337
0.557000 0.85301
0.558000 0.85265
0.559000 0.85228
0.560000 0.85192
0.561000 0.85156
0.562000 0.85120
0.563000 0.85084
0.564000 0.85047
0.565000 0.84990
0.566000 0.84885
0.567000 0.84779
0.568000 0.84674
0.569000 0.84568
0.570000 0.84462
0.571000 0.84357
0.572000 0.84240
0.573000 0.84114
0.574000 0.83989
0.575000 0.83864
0.576000 0.83739
0.577000 0.83614
0.578000 0.83488
0.579000 0.83363
0.580000 0.83238
0.581000 0.83113
0.582000 0.82916
0.583000 0.82700
0.584000 0.82485
0.585000 0.82270
0.586000 0.82054
0.587000 0.81839
0.588000 0.81624
0.589000 0.81408
0.590000 0.81193
0.591000 0.80986
0.592000 0.80783
0.593000 0.80580
0.594000 0.80376
0.595000 0.80173
0.596000 0.79970
0.597000 0.79766
0.598000 0.79563
0.599000 0.79360
0.600000 0.79156
0.601000 0.78931
0.602000 0.78617
0.603000 0.78303
0.604000 0.77988
0.605000 0.77674
0.606000 0.77360
0.607000 0.77046
0.608000 0.76732
0.609000 0.76418
0.610000 0.76103
0.611000 0.75789
0.612000 0.75475
0.613000 0.75203
0.614000 0.74941
0.615000 0.74679
0.616000 0.74417
0.617000 0.74155
0.618000 0.73893
0.619000 0.73631
0.620000 0.73331
0.621000 0.72943
0.622000 0.72554
0.623000 0.72166
0.624000 0.71778
0.625000 0.71390
0.626000 0.70995
0.627000 0.70585
0.628000 0.70175
0.629000 0.69765
0.630000 0.69355
0.631000 0.68945
0.632000 0.68535
0.633000 0.68125
0.634000 0.67716
0.635000 0.67283
0.636000 0.66850
0.637000 0.66417
0.638000 0.65984
0.639000 0.65552
0.640000 0.65119
0.641000 0.64686
0.642000 0.64253
0.643000 0.63803
0.644000 0.63345
0.645000 0.62887
0.646000 0.62429
0.647000 0.61972
0.648000 0.61514
0.649000 0.61056
0.650000 0.60598
0.651000 0.60140
0.652000 0.59682
0.653000 0.59210
0.654000 0.58737
0.655000 0.58263
0.656000 0.57790
0.657000 0.57316
0.658000 0.56843
0.659000 0.56369
0.660000 0.55896
0.661000 0.55422
0.662000 0.54976
0.663000 0.54537
0.664000 0.54098
0.665000 0.53660
0.666000 0.53221
0.667000 0.52782
0.668000 0.52343
0.669000 0.51904
0.670000 0.51465
0.671000 0.50961
0.672000 0.50441
0.673000 0.49921
0.674000 0.49400
0.675000 0.48880
0.676000 0.48360
0.677000 0.47839
0.678000 0.47328
0.679000 0.46852
0.680000 0.46376
0.681000 0.45900
0.682000 0.45423
0.683000 0.44947
0.684000 0.44471
0.685000 0.43995
0.686000 0.43519
0.687000 0.42984
0.688000 0.42443
0.689000 0.41903
0.690000 0.41362
0.691000 0.40821
0.692000 0.40280
0.693000 0.39739
0.694000 0.39198
0.695000 0.38657
0.696000 0.38116
0.697000 0.37576
0.698000 0.37054
0.699000 0.36546
0.700000 0.36038
0.701000 0.35529
0.702000 0.35021
0.703000 0.34513
0.704000 0.34005
0.705000 0.33496
0.706000 0.32988
0.707000 0.32480
0.708000 0.31971
0.709000 0.31463
0.710000 0.30987
0.711000 0.30534
0.712000 0.30080
0.713000 0.29626
0.714000 0.29172
0.715000 0.28719
0.716000 0.28265
0.717000 0.27811
0.718000 0.27357
0.719000 0.26924
0.720000 0.26511
0.721000 0.26099
0.722000 0.25686
0.723000 0.25274
0.724000 0.24861
0.725000 0.24449
0.726000 0.24036
0.727000 0.23624
0.728000 0.23211
0.729000 0.22798
0.730000 0.22397
0.731000 0.22038
0.732000 0.21680
0.733000 0.21322
0.734000 0.20964
0.735000 0.20605
0.736000 0.20247
0.737000 0.19889
0.738000 0.19530
0.739000 0.19172
0.740000 0.18814
0.741000 0.18455
0.742000 0.18107
0.743000 0.17795
0.744000 0.17484
0.745000 0.17173
0.746000 0.16862
0.747000 0.16551
0.748000 0.16239
0.749000 0.15928
0.750000 0.15617
0.751000 0.15306
0.752000 0.14995
0.753000 0.14683
0.754000 0.14372
0.755000 0.14061
0.756000 0.13750
0.757000 0.13473
0.758000 0.13205
0.759000 0.12936
0.760000 0.12668
0.761000 0.12400
0.762000 0.12132
0.763000 0.11863
0.764000 0.11595
0.765000 0.11327
0.766000 0.11059
0.767000 0.10791
0.768000 0.10532
0.769000 0.10282
0.770000 0.10033
0.771000 0.09783
0.772000 0.09533
0.773000 0.09284
0.774000 0.09034
0.775000 0.08785
0.776000 0.08535
0.777000 0.08286
0.778000 0.08036
0.779000 0.07786
0.780000 0.07537
0.781000 0.07287
0.782000 0.07058
0.783000 0.06908
0.784000 0.06758
0.785000 0.06609
0.786000 0.06459
0.787000 0.06309
0.788000 0.06159
0.789000 0.06010
0.790000 0.05860
0.791000 0.05710
0.792000 0.05561
0.793000 0.05411
0.794000 0.05261
0.795000 0.05112
0.796000 0.04962
0.797000 0.04812
0.798000 0.04662
0.799000 0.04513
0.800000 0.04363
0.801000 0.04225
0.802000 0.04115
0.803000 0.04004
0.804000 0.03894
0.805000 0.03783
0.806000 0.03673
0.807000 0.03562
0.808000 0.03452
0.809000 0.03342
0.810000 0.03231
0.811000 0.03121
0.812000 0.03010
0.813000 0.02900
0.814000 0.02789
0.815000 0.02679
0.816000 0.02602
0.817000 0.02525
0.818000 0.02449
0.819000 0.02372
0.820000 0.02295
0.821000 0.02218
0.822000 0.02142
0.823000 0.02065
0.824000 0.01988
0.825000 0.01911
0.826000 0.01835
0.827000 0.01758
0.828000 0.01681
0.829000 0.01604
0.830000 0.01528
0.831000 0.01455
0.832000 0.01398
0.833000 0.01342
0.834000 0.01285
0.835000 0.01229
0.836000 0.01172
0.837000 0.01116
0.838000 0.01059
0.839000 0.01003
0.840000 0.00946
0.841000 0.00890
0.842000 0.00833
0.843000 0.00777
0.844000 0.00720
0.845000 0.00663
0.846000 0.00612
0.847000 0.00606
0.848000 0.00600
0.849000 0.00595
0.850000 0.00589
0.851000 0.00583
0.852000 0.00577
0.853000 0.00571
0.854000 0.00566
0.855000 0.00560
0.856000 0.00554
0.857000 0.00548
0.858000 0.00542
0.859000 0.00536
0.860000 0.00531
0.861000 0.00525
0.862000 0.00519
0.863000 0.00513
0.864000 0.00507
0.865000 0.00502
0.866000 0.00500
0.867000 0.00504
0.868000 0.00507
0.869000 0.00510
0.870000 0.00514
0.871000 0.00517
0.872000 0.00521
0.873000 0.00524
0.874000 0.00527
0.875000 0.00531
0.876000 0.00534
0.877000 0.00537
0.878000 0.00541
0.879000 0.00544
0.880000 0.00548
0.881000 0.00551
0.882000 0.00554
0.883000 0.00554
0.884000 0.00540
0.885000 0.00525
0.886000 0.00511
0.887000 0.00497
0.888000 0.00482
0.889000 0.00468
0.890000 0.00453
0.891000 0.00439
0.892000 0.00425
0.893000 0.00410
0.894000 0.00396
0.895000 0.00382
0.896000 0.00367
0.897000 0.00353
0.898000 0.00338
0.899000 0.00324
0.900000 0.00310
0.901000 0.00295
0.902000 0.00281
0.903000 0.00267
0.904000 0.00260
0.905000 0.00255
0.906000 0.00250
0.907000 0.00245
0.908000 0.00240
0.909000 0.00235
0.910000 0.00230
0.911000 0.00225
0.912000 0.00221
0.913000 0.00216
0.914000 0.00211
0.915000 0.00206
0.916000 0.00201
0.917000 0.00196
0.918000 0.00191
0.919000 0.00186
0.920000 0.00181
0.921000 0.00177
0.922000 0.00172
0.923000 0.00167
0.924000 0.00162
0.925000 0.00157
0.926000 0.00150
0.927000 0.00142
0.928000 0.00135
0.929000 0.00128
0.930000 0.00120
0.931000 0.00113
0.932000 0.00105
0.933000 0.00098
0.934000 0.00090
0.935000 0.00083
0.936000 0.00076
0.937000 0.00068
0.938000 0.00061
0.939000 0.00053
0.940000 0.00046
0.941000 0.00039
0.942000 0.00031
0.943000 0.00024
0.944000 0.00016
0.945000 0.00009
0.946000 0.00001
0.947000 0.00000
0.948000 0.00000
0.949000 0.00000
0.950000 0.00000
