0.785700 0.00018
0.785800 0.00019
0.785900 0.00019
0.786000 0.00020
0.786100 0.00020
0.786200 0.00021
0.786300 0.00021
0.786400 0.00022
0.786500 0.00023
0.786600 0.00023
0.786700 0.00024
0.786800 0.00025
0.786900 0.00025
0.787000 0.00026
0.787100 0.00027
0.787200 0.00027
0.787300 0.00028
0.787400 0.00029
0.787500 0.00030
0.787600 0.00030
0.787700 0.00031
0.787800 0.00032
0.787900 0.00033
0.788000 0.00034
0.788100 0.00034
0.788200 0.00035
0.788300 0.00036
0.788400 0.00037
0.788500 0.00037
0.788600 0.00038
0.788700 0.00039
0.788800 0.00040
0.788900 0.00040
0.789000 0.00041
0.789100 0.00042
0.789200 0.00043
0.789300 0.00044
0.789400 0.00045
0.789500 0.00046
0.789600 0.00047
0.789700 0.00048
0.789800 0.00050
0.789900 0.00051
0.790000 0.00052
0.790100 0.00053
0.790200 0.00054
0.790300 0.00055
0.790400 0.00057
0.790500 0.00058
0.790600 0.00059
0.790700 0.00060
0.790800 0.00062
0.790900 0.00063
0.791000 0.00064
0.791100 0.00065
0.791200 0.00067
0.791300 0.00068
0.791400 0.00069
0.791500 0.00071
0.791600 0.00072
0.791700 0.00073
0.791800 0.00075
0.791900 0.00076
0.792000 0.00078
0.792100 0.00079
0.792200 0.00081
0.792300 0.00083
0.792400 0.00084
0.792500 0.00086
0.792600 0.00088
0.792700 0.00090
0.792800 0.00092
0.792900 0.00094
0.793000 0.00096
0.793100 0.00098
0.793200 0.00101
0.793300 0.00103
0.793400 0.00105
0.793500 0.00108
0.793600 0.00111
0.793700 0.00113
0.793800 0.00116
0.793900 0.00119
0.794000 0.00122
0.794100 0.00125
0.794200 0.00128
0.794300 0.00132
0.794400 0.00135
0.794500 0.00138
0.794600 0.00142
0.794700 0.00145
0.794800 0.00149
0.794900 0.00152
0.795000 0.00156
0.795100 0.00159
0.795200 0.00162
0.795300 0.00166
0.795400 0.00169
0.795500 0.00173
0.795600 0.00176
0.795700 0.00180
0.795800 0.00183
0.795900 0.00187
0.796000 0.00191
0.796100 0.00195
0.796200 0.00199
0.796300 0.00203
0.796400 0.00207
0.796500 0.00212
0.796600 0.00216
0.796700 0.00221
0.796800 0.00225
0.796900 0.00230
0.797000 0.00235
0.797100 0.00240
0.797200 0.00245
0.797300 0.00250
0.797400 0.00255
0.797500 0.00260
0.797600 0.00266
0.797700 0.00271
0.797800 0.00277
0.797900 0.00283
0.798000 0.00288
0.798100 0.00294
0.798200 0.00301
0.798300 0.00307
0.798400 0.00313
0.798500 0.00320
0.798600 0.00327
0.798700 0.00334
0.798800 0.00341
0.798900 0.00348
0.799000 0.00356
0.799100 0.00363
0.799200 0.00371
0.799300 0.00379
0.799400 0.00387
0.799500 0.00395
0.799600 0.00403
0.799700 0.00412
0.799800 0.00420
0.799900 0.00429
0.800000 0.00438
0.800100 0.00447
0.800200 0.00456
0.800300 0.00465
0.800400 0.00475
0.800500 0.00484
0.800600 0.00494
0.800700 0.00504
0.800800 0.00514
0.800900 0.00524
0.801000 0.00534
0.801100 0.00544
0.801200 0.00555
0.801300 0.00566
0.801400 0.00577
0.801500 0.00588
0.801600 0.00599
0.801700 0.00611
0.801800 0.00622
0.801900 0.00635
0.802000 0.00647
0.802100 0.00660
0.802200 0.00673
0.802300 0.00686
0.802400 0.00700
0.802500 0.00714
0.802600 0.00728
0.802700 0.00742
0.802800 0.00757
0.802900 0.00772
0.803000 0.00787
0.803100 0.00803
0.803200 0.00819
0.803300 0.00835
0.803400 0.00851
0.803500 0.00867
0.803600 0.00884
0.803700 0.00901
0.803800 0.00918
0.803900 0.00936
0.804000 0.00954
0.804100 0.00972
0.804200 0.00990
0.804300 0.01009
0.804400 0.01029
0.804500 0.01048
0.804600 0.01068
0.804700 0.01088
0.804800 0.01109
0.804900 0.01130
0.805000 0.01152
0.805100 0.01174
0.805200 0.01197
0.805300 0.01219
0.805400 0.01243
0.805500 0.01266
0.805600 0.01290
0.805700 0.01315
0.805800 0.01340
0.805900 0.01365
0.806000 0.01390
0.806100 0.01416
0.806200 0.01442
0.806300 0.01468
0.806400 0.01495
0.806500 0.01522
0.806600 0.01549
0.806700 0.01577
0.806800 0.01605
0.806900 0.01634
0.807000 0.01663
0.807100 0.01693
0.807200 0.01723
0.807300 0.01754
0.807400 0.01785
0.807500 0.01817
0.807600 0.01849
0.807700 0.01882
0.807800 0.01915
0.807900 0.01949
0.808000 0.01984
0.808100 0.02019
0.808200 0.02055
0.808300 0.02091
0.808400 0.02128
0.808500 0.02165
0.808600 0.02203
0.808700 0.02242
0.808800 0.02281
0.808900 0.02321
0.809000 0.02362
0.809100 0.02403
0.809200 0.02445
0.809300 0.02488
0.809400 0.02531
0.809500 0.02575
0.809600 0.02620
0.809700 0.02666
0.809800 0.02712
0.809900 0.02758
0.810000 0.02806
0.810100 0.02854
0.810200 0.02903
0.810300 0.02953
0.810400 0.03003
0.810500 0.03054
0.810600 0.03106
0.810700 0.03158
0.810800 0.03211
0.810900 0.03265
0.811000 0.03320
0.811100 0.03375
0.811200 0.03432
0.811300 0.03489
0.811400 0.03546
0.811500 0.03604
0.811600 0.03664
0.811700 0.03724
0.811800 0.03784
0.811900 0.03846
0.812000 0.03908
0.812100 0.03971
0.812200 0.04035
0.812300 0.04099
0.812400 0.04165
0.812500 0.04231
0.812600 0.04298
0.812700 0.04365
0.812800 0.04434
0.812900 0.04503
0.813000 0.04573
0.813100 0.04644
0.813200 0.04715
0.813300 0.04788
0.813400 0.04861
0.813500 0.04936
0.813600 0.05011
0.813700 0.05088
0.813800 0.05165
0.813900 0.05244
0.814000 0.05324
0.814100 0.05405
0.814200 0.05488
0.814300 0.05572
0.814400 0.05657
0.814500 0.05743
0.814600 0.05830
0.814700 0.05919
0.814800 0.06009
0.814900 0.06100
0.815000 0.06192
0.815100 0.06285
0.815200 0.06380
0.815300 0.06475
0.815400 0.06571
0.815500 0.06669
0.815600 0.06767
0.815700 0.06866
0.815800 0.06966
0.815900 0.07067
0.816000 0.07169
0.816100 0.07271
0.816200 0.07375
0.816300 0.07479
0.816400 0.07584
0.816500 0.07690
0.816600 0.07797
0.816700 0.07905
0.816800 0.08014
0.816900 0.08124
0.817000 0.08235
0.817100 0.08347
0.817200 0.08461
0.817300 0.08575
0.817400 0.08691
0.817500 0.08808
0.817600 0.08925
0.817700 0.09044
0.817800 0.09164
0.817900 0.09284
0.818000 0.09406
0.818100 0.09528
0.818200 0.09652
0.818300 0.09776
0.818400 0.09902
0.818500 0.10029
0.818600 0.10157
0.818700 0.10285
0.818800 0.10416
0.818900 0.10547
0.819000 0.10680
0.819100 0.10814
0.819200 0.10950
0.819300 0.11087
0.819400 0.11225
0.819500 0.11364
0.819600 0.11505
0.819700 0.11647
0.819800 0.11790
0.819900 0.11935
0.820000 0.12080
0.820100 0.12227
0.820200 0.12374
0.820300 0.12523
0.820400 0.12673
0.820500 0.12823
0.820600 0.12975
0.820700 0.13127
0.820800 0.13281
0.820900 0.13435
0.821000 0.13590
0.821100 0.13746
0.821200 0.13902
0.821300 0.14060
0.821400 0.14218
0.821500 0.14377
0.821600 0.14537
0.821700 0.14699
0.821800 0.14861
0.821900 0.15025
0.822000 0.15190
0.822100 0.15356
0.822200 0.15524
0.822300 0.15693
0.822400 0.15863
0.822500 0.16034
0.822600 0.16207
0.822700 0.16381
0.822800 0.16556
0.822900 0.16733
0.823000 0.16910
0.823100 0.17089
0.823200 0.17268
0.823300 0.17449
0.823400 0.17631
0.823500 0.17814
0.823600 0.17998
0.823700 0.18182
0.823800 0.18368
0.823900 0.18553
0.824000 0.18740
0.824100 0.18927
0.824200 0.19115
0.824300 0.19303
0.824400 0.19492
0.824500 0.19682
0.824600 0.19872
0.824700 0.20063
0.824800 0.20255
0.824900 0.20447
0.825000 0.20640
0.825100 0.20834
0.825200 0.21028
0.825300 0.21224
0.825400 0.21420
0.825500 0.21618
0.825600 0.21816
0.825700 0.22015
0.825800 0.22216
0.825900 0.22417
0.826000 0.22620
0.826100 0.22824
0.826200 0.23029
0.826300 0.23235
0.826400 0.23442
0.826500 0.23650
0.826600 0.23859
0.826700 0.24069
0.826800 0.24279
0.826900 0.24489
0.827000 0.24700
0.827100 0.24911
0.827200 0.25123
0.827300 0.25334
0.827400 0.25546
0.827500 0.25758
0.827600 0.25971
0.827700 0.26183
0.827800 0.26395
0.827900 0.26608
0.828000 0.26820
0.828100 0.27032
0.828200 0.27244
0.828300 0.27455
0.828400 0.27665
0.828500 0.27874
0.828600 0.28080
0.828700 0.28284
0.828800 0.28486
0.828900 0.28685
0.829000 0.28880
0.829100 0.29072
0.829200 0.29260
0.829300 0.29446
0.829400 0.29630
0.829500 0.29812
0.829600 0.29994
0.829700 0.30174
0.829800 0.30355
0.829900 0.30537
0.830000 0.30720
0.830100 0.30905
0.830200 0.31091
0.830300 0.31280
0.830400 0.31471
0.830500 0.31665
0.830600 0.31862
0.830700 0.32061
0.830800 0.32264
0.830900 0.32470
0.831000 0.32680
0.831100 0.32893
0.831200 0.33110
0.831300 0.33330
0.831400 0.33553
0.831500 0.33777
0.831600 0.34004
0.831700 0.34232
0.831800 0.34461
0.831900 0.34690
0.832000 0.34920
0.832100 0.35150
0.832200 0.35379
0.832300 0.35608
0.832400 0.35838
0.832500 0.36066
0.832600 0.36295
0.832700 0.36524
0.832800 0.36753
0.832900 0.36981
0.833000 0.37210
0.833100 0.37438
0.833200 0.37667
0.833300 0.37895
0.833400 0.38122
0.833500 0.38349
0.833600 0.38575
0.833700 0.38801
0.833800 0.39025
0.833900 0.39248
0.834000 0.39470
0.834100 0.39691
0.834200 0.39910
0.834300 0.40129
0.834400 0.40347
0.834500 0.40564
0.834600 0.40782
0.834700 0.41001
0.834800 0.41219
0.834900 0.41439
0.835000 0.41660
0.835100 0.41882
0.835200 0.42106
0.835300 0.42332
0.835400 0.42559
0.835500 0.42787
0.835600 0.43017
0.835700 0.43248
0.835800 0.43481
0.835900 0.43714
0.836000 0.43950
0.836100 0.44187
0.836200 0.44425
0.836300 0.44663
0.836400 0.44901
0.836500 0.45138
0.836600 0.45375
0.836700 0.45609
0.836800 0.45842
0.836900 0.46073
0.837000 0.46300
0.837100 0.46524
0.837200 0.46745
0.837300 0.46964
0.837400 0.47181
0.837500 0.47396
0.837600 0.47610
0.837700 0.47824
0.837800 0.48039
0.837900 0.48254
0.838000 0.48470
0.838100 0.48688
0.838200 0.48907
0.838300 0.49128
0.838400 0.49351
0.838500 0.49575
0.838600 0.49800
0.838700 0.50026
0.838800 0.50253
0.838900 0.50481
0.839000 0.50710
0.839100 0.50940
0.839200 0.51170
0.839300 0.51399
0.839400 0.51629
0.839500 0.51858
0.839600 0.52086
0.839700 0.52312
0.839800 0.52537
0.839900 0.52760
0.840000 0.52980
0.840100 0.53197
0.840200 0.53413
0.840300 0.53626
0.840400 0.53837
0.840500 0.54047
0.840600 0.54256
0.840700 0.54464
0.840800 0.54673
0.840900 0.54881
0.841000 0.55090
0.841100 0.55300
0.841200 0.55510
0.841300 0.55721
0.841400 0.55932
0.841500 0.56143
0.841600 0.56354
0.841700 0.56564
0.841800 0.56774
0.841900 0.56982
0.842000 0.57190
0.842100 0.57396
0.842200 0.57601
0.842300 0.57804
0.842400 0.58005
0.842500 0.58205
0.842600 0.58404
0.842700 0.58600
0.842800 0.58795
0.842900 0.58989
0.843000 0.59180
0.843100 0.59370
0.843200 0.59558
0.843300 0.59745
0.843400 0.59931
0.843500 0.60118
0.843600 0.60304
0.843700 0.60491
0.843800 0.60679
0.843900 0.60869
0.844000 0.61060
0.844100 0.61253
0.844200 0.61448
0.844300 0.61645
0.844400 0.61842
0.844500 0.62040
0.844600 0.62237
0.844700 0.62435
0.844800 0.62631
0.844900 0.62827
0.845000 0.63020
0.845100 0.63211
0.845200 0.63401
0.845300 0.63588
0.845400 0.63772
0.845500 0.63955
0.845600 0.64135
0.845700 0.64312
0.845800 0.64487
0.845900 0.64660
0.846000 0.64830
0.846100 0.64998
0.846200 0.65163
0.846300 0.65327
0.846400 0.65490
0.846500 0.65652
0.846600 0.65815
0.846700 0.65979
0.846800 0.66144
0.846900 0.66311
0.847000 0.66480
0.847100 0.66652
0.847200 0.66827
0.847300 0.67004
0.847400 0.67183
0.847500 0.67363
0.847600 0.67544
0.847700 0.67726
0.847800 0.67908
0.847900 0.68089
0.848000 0.68270
0.848100 0.68450
0.848200 0.68628
0.848300 0.68805
0.848400 0.68980
0.848500 0.69152
0.848600 0.69322
0.848700 0.69489
0.848800 0.69653
0.848900 0.69813
0.849000 0.69970
0.849100 0.70123
0.849200 0.70272
0.849300 0.70419
0.849400 0.70563
0.849500 0.70706
0.849600 0.70847
0.849700 0.70987
0.849800 0.71128
0.849900 0.71268
0.850000 0.71410
0.850100 0.71553
0.850200 0.71697
0.850300 0.71843
0.850400 0.71989
0.850500 0.72136
0.850600 0.72284
0.850700 0.72433
0.850800 0.72582
0.850900 0.72731
0.851000 0.72880
0.851100 0.73029
0.851200 0.73177
0.851300 0.73325
0.851400 0.73472
0.851500 0.73617
0.851600 0.73761
0.851700 0.73902
0.851800 0.74041
0.851900 0.74177
0.852000 0.74310
0.852100 0.74440
0.852200 0.74567
0.852300 0.74691
0.852400 0.74813
0.852500 0.74935
0.852600 0.75055
0.852700 0.75175
0.852800 0.75296
0.852900 0.75417
0.853000 0.75540
0.853100 0.75665
0.853200 0.75791
0.853300 0.75918
0.853400 0.76047
0.853500 0.76177
0.853600 0.76307
0.853700 0.76438
0.853800 0.76569
0.853900 0.76700
0.854000 0.76830
0.854100 0.76960
0.854200 0.77089
0.854300 0.77218
0.854400 0.77345
0.854500 0.77471
0.854600 0.77596
0.854700 0.77720
0.854800 0.77842
0.854900 0.77962
0.855000 0.78080
0.855100 0.78196
0.855200 0.78311
0.855300 0.78424
0.855400 0.78537
0.855500 0.78648
0.855600 0.78760
0.855700 0.78871
0.855800 0.78983
0.855900 0.79096
0.856000 0.79210
0.856100 0.79325
0.856200 0.79442
0.856300 0.79559
0.856400 0.79678
0.856500 0.79796
0.856600 0.79916
0.856700 0.80035
0.856800 0.80154
0.856900 0.80272
0.857000 0.80390
0.857100 0.80507
0.857200 0.80623
0.857300 0.80737
0.857400 0.80850
0.857500 0.80961
0.857600 0.81070
0.857700 0.81176
0.857800 0.81280
0.857900 0.81382
0.858000 0.81480
0.858100 0.81575
0.858200 0.81668
0.858300 0.81758
0.858400 0.81847
0.858500 0.81934
0.858600 0.82021
0.858700 0.82108
0.858800 0.82194
0.858900 0.82282
0.859000 0.82370
0.859100 0.82460
0.859200 0.82551
0.859300 0.82644
0.859400 0.82738
0.859500 0.82832
0.859600 0.82928
0.859700 0.83023
0.859800 0.83119
0.859900 0.83215
0.860000 0.83310
0.860100 0.83405
0.860200 0.83499
0.860300 0.83592
0.860400 0.83685
0.860500 0.83775
0.860600 0.83864
0.860700 0.83952
0.860800 0.84037
0.860900 0.84120
0.861000 0.84200
0.861100 0.84278
0.861200 0.84353
0.861300 0.84426
0.861400 0.84498
0.861500 0.84570
0.861600 0.84641
0.861700 0.84711
0.861800 0.84783
0.861900 0.84856
0.862000 0.84930
0.862100 0.85006
0.862200 0.85084
0.862300 0.85164
0.862400 0.85246
0.862500 0.85329
0.862600 0.85413
0.862700 0.85498
0.862800 0.85585
0.862900 0.85672
0.863000 0.85760
0.863100 0.85849
0.863200 0.85938
0.863300 0.86026
0.863400 0.86114
0.863500 0.86201
0.863600 0.86287
0.863700 0.86371
0.863800 0.86454
0.863900 0.86533
0.864000 0.86610
0.864100 0.86684
0.864200 0.86755
0.864300 0.86823
0.864400 0.86888
0.864500 0.86952
0.864600 0.87014
0.864700 0.87075
0.864800 0.87134
0.864900 0.87192
0.865000 0.87250
0.865100 0.87307
0.865200 0.87365
0.865300 0.87422
0.865400 0.87480
0.865500 0.87537
0.865600 0.87596
0.865700 0.87655
0.865800 0.87716
0.865900 0.87777
0.866000 0.87840
0.866100 0.87904
0.866200 0.87970
0.866300 0.88036
0.866400 0.88102
0.866500 0.88169
0.866600 0.88235
0.866700 0.88301
0.866800 0.88366
0.866900 0.88429
0.867000 0.88490
0.867100 0.88549
0.867200 0.88606
0.867300 0.88661
0.867400 0.88715
0.867500 0.88766
0.867600 0.88816
0.867700 0.88864
0.867800 0.88911
0.867900 0.88956
0.868000 0.89000
0.868100 0.89043
0.868200 0.89085
0.868300 0.89126
0.868400 0.89167
0.868500 0.89209
0.868600 0.89250
0.868700 0.89293
0.868800 0.89337
0.868900 0.89383
0.869000 0.89430
0.869100 0.89480
0.869200 0.89531
0.869300 0.89584
0.869400 0.89639
0.869500 0.89695
0.869600 0.89751
0.869700 0.89808
0.869800 0.89866
0.869900 0.89923
0.870000 0.89980
0.870100 0.90036
0.870200 0.90092
0.870300 0.90147
0.870400 0.90201
0.870500 0.90254
0.870600 0.90306
0.870700 0.90356
0.870800 0.90406
0.870900 0.90454
0.871000 0.90500
0.871100 0.90545
0.871200 0.90588
0.871300 0.90631
0.871400 0.90673
0.871500 0.90714
0.871600 0.90756
0.871700 0.90798
0.871800 0.90841
0.871900 0.90885
0.872000 0.90930
0.872100 0.90977
0.872200 0.91025
0.872300 0.91074
0.872400 0.91123
0.872500 0.91172
0.872600 0.91221
0.872700 0.91268
0.872800 0.91314
0.872900 0.91358
0.873000 0.91400
0.873100 0.91439
0.873200 0.91475
0.873300 0.91509
0.873400 0.91542
0.873500 0.91572
0.873600 0.91601
0.873700 0.91629
0.873800 0.91657
0.873900 0.91683
0.874000 0.91710
0.874100 0.91737
0.874200 0.91764
0.874300 0.91792
0.874400 0.91821
0.874500 0.91852
0.874600 0.91885
0.874700 0.91919
0.874800 0.91957
0.874900 0.91997
0.875000 0.92040
0.875100 0.92086
0.875200 0.92136
0.875300 0.92187
0.875400 0.92240
0.875500 0.92293
0.875600 0.92346
0.875700 0.92397
0.875800 0.92448
0.875900 0.92496
0.876000 0.92540
0.876100 0.92581
0.876200 0.92618
0.876300 0.92652
0.876400 0.92684
0.876500 0.92713
0.876600 0.92740
0.876700 0.92766
0.876800 0.92791
0.876900 0.92816
0.877000 0.92840
0.877100 0.92865
0.877200 0.92889
0.877300 0.92915
0.877400 0.92942
0.877500 0.92969
0.877600 0.92998
0.877700 0.93028
0.877800 0.93060
0.877900 0.93094
0.878000 0.93130
0.878100 0.93168
0.878200 0.93208
0.878300 0.93248
0.878400 0.93289
0.878500 0.93329
0.878600 0.93368
0.878700 0.93406
0.878800 0.93441
0.878900 0.93472
0.879000 0.93500
0.879100 0.93523
0.879200 0.93543
0.879300 0.93559
0.879400 0.93572
0.879500 0.93584
0.879600 0.93594
0.879700 0.93603
0.879800 0.93611
0.879900 0.93620
0.880000 0.93630
0.880100 0.93641
0.880200 0.93654
0.880300 0.93669
0.880400 0.93686
0.880500 0.93704
0.880600 0.93725
0.880700 0.93748
0.880800 0.93773
0.880900 0.93800
0.881000 0.93830
0.881100 0.93862
0.881200 0.93897
0.881300 0.93932
0.881400 0.93968
0.881500 0.94004
0.881600 0.94040
0.881700 0.94074
0.881800 0.94105
0.881900 0.94134
0.882000 0.94160
0.882100 0.94182
0.882200 0.94200
0.882300 0.94215
0.882400 0.94227
0.882500 0.94238
0.882600 0.94247
0.882700 0.94256
0.882800 0.94263
0.882900 0.94271
0.883000 0.94280
0.883100 0.94290
0.883200 0.94301
0.883300 0.94314
0.883400 0.94328
0.883500 0.94344
0.883600 0.94363
0.883700 0.94383
0.883800 0.94406
0.883900 0.94432
0.884000 0.94460
0.884100 0.94491
0.884200 0.94524
0.884300 0.94559
0.884400 0.94594
0.884500 0.94629
0.884600 0.94664
0.884700 0.94697
0.884800 0.94728
0.884900 0.94756
0.885000 0.94780
0.885100 0.94800
0.885200 0.94816
0.885300 0.94829
0.885400 0.94839
0.885500 0.94846
0.885600 0.94851
0.885700 0.94855
0.885800 0.94857
0.885900 0.94859
0.886000 0.94860
0.886100 0.94861
0.886200 0.94863
0.886300 0.94866
0.886400 0.94870
0.886500 0.94876
0.886600 0.94883
0.886700 0.94893
0.886800 0.94906
0.886900 0.94921
0.887000 0.94940
0.887100 0.94962
0.887200 0.94988
0.887300 0.95016
0.887400 0.95046
0.887500 0.95077
0.887600 0.95109
0.887700 0.95140
0.887800 0.95172
0.887900 0.95202
0.888000 0.95230
0.888100 0.95256
0.888200 0.95280
0.888300 0.95301
0.888400 0.95320
0.888500 0.95337
0.888600 0.95352
0.888700 0.95364
0.888800 0.95375
0.888900 0.95384
0.889000 0.95390
0.889100 0.95395
0.889200 0.95398
0.889300 0.95400
0.889400 0.95402
0.889500 0.95404
0.889600 0.95406
0.889700 0.95409
0.889800 0.95414
0.889900 0.95421
0.890000 0.95430
0.890100 0.95442
0.890200 0.95456
0.890300 0.95473
0.890400 0.95492
0.890500 0.95512
0.890600 0.95533
0.890700 0.95554
0.890800 0.95576
0.890900 0.95598
0.891000 0.95620
0.891100 0.95641
0.891200 0.95661
0.891300 0.95680
0.891400 0.95697
0.891500 0.95714
0.891600 0.95728
0.891700 0.95741
0.891800 0.95753
0.891900 0.95762
0.892000 0.95770
0.892100 0.95776
0.892200 0.95779
0.892300 0.95782
0.892400 0.95783
0.892500 0.95784
0.892600 0.95786
0.892700 0.95788
0.892800 0.95790
0.892900 0.95794
0.893000 0.95800
0.893100 0.95808
0.893200 0.95818
0.893300 0.95830
0.893400 0.95843
0.893500 0.95859
0.893600 0.95875
0.893700 0.95893
0.893800 0.95911
0.893900 0.95930
0.894000 0.95950
0.894100 0.95970
0.894200 0.95990
0.894300 0.96011
0.894400 0.96030
0.894500 0.96049
0.894600 0.96066
0.894700 0.96083
0.894800 0.96097
0.894900 0.96110
0.895000 0.96120
0.895100 0.96128
0.895200 0.96133
0.895300 0.96137
0.895400 0.96140
0.895500 0.96141
0.895600 0.96142
0.895700 0.96143
0.895800 0.96145
0.895900 0.96147
0.896000 0.96150
0.896100 0.96155
0.896200 0.96161
0.896300 0.96168
0.896400 0.96176
0.896500 0.96185
0.896600 0.96194
0.896700 0.96204
0.896800 0.96213
0.896900 0.96222
0.897000 0.96230
0.897100 0.96237
0.897200 0.96244
0.897300 0.96250
0.897400 0.96256
0.897500 0.96262
0.897600 0.96267
0.897700 0.96272
0.897800 0.96278
0.897900 0.96284
0.898000 0.96290
0.898100 0.96297
0.898200 0.96304
0.898300 0.96312
0.898400 0.96320
0.898500 0.96329
0.898600 0.96337
0.898700 0.96346
0.898800 0.96354
0.898900 0.96362
0.899000 0.96370
0.899100 0.96378
0.899200 0.96385
0.899300 0.96391
0.899400 0.96398
0.899500 0.96403
0.899600 0.96408
0.899700 0.96412
0.899800 0.96416
0.899900 0.96418
0.900000 0.96420
0.900100 0.96421
0.900200 0.96421
0.900300 0.96422
0.900400 0.96422
0.900500 0.96423
0.900600 0.96425
0.900700 0.96429
0.900800 0.96434
0.900900 0.96441
0.901000 0.96450
0.901100 0.96462
0.901200 0.96477
0.901300 0.96493
0.901400 0.96510
0.901500 0.96528
0.901600 0.96546
0.901700 0.96564
0.901800 0.96581
0.901900 0.96596
0.902000 0.96610
0.902100 0.96621
0.902200 0.96630
0.902300 0.96637
0.902400 0.96642
0.902500 0.96645
0.902600 0.96646
0.902700 0.96646
0.902800 0.96645
0.902900 0.96643
0.903000 0.96640
0.903100 0.96636
0.903200 0.96632
0.903300 0.96628
0.903400 0.96625
0.903500 0.96622
0.903600 0.96620
0.903700 0.96619
0.903800 0.96621
0.903900 0.96624
0.904000 0.96630
0.904100 0.96639
0.904200 0.96649
0.904300 0.96662
0.904400 0.96676
0.904500 0.96690
0.904600 0.96706
0.904700 0.96721
0.904800 0.96735
0.904900 0.96748
0.905000 0.96760
0.905100 0.96770
0.905200 0.96778
0.905300 0.96784
0.905400 0.96789
0.905500 0.96792
0.905600 0.96795
0.905700 0.96797
0.905800 0.96798
0.905900 0.96799
0.906000 0.96800
0.906100 0.96801
0.906200 0.96802
0.906300 0.96804
0.906400 0.96806
0.906500 0.96809
0.906600 0.96813
0.906700 0.96818
0.906800 0.96824
0.906900 0.96831
0.907000 0.96840
0.907100 0.96850
0.907200 0.96862
0.907300 0.96875
0.907400 0.96888
0.907500 0.96901
0.907600 0.96915
0.907700 0.96927
0.907800 0.96940
0.907900 0.96951
0.908000 0.96960
0.908100 0.96968
0.908200 0.96974
0.908300 0.96978
0.908400 0.96981
0.908500 0.96983
0.908600 0.96984
0.908700 0.96984
0.908800 0.96983
0.908900 0.96982
0.909000 0.96980
0.909100 0.96978
0.909200 0.96976
0.909300 0.96974
0.909400 0.96972
0.909500 0.96971
0.909600 0.96970
0.909700 0.96971
0.909800 0.96972
0.909900 0.96975
0.910000 0.96980
0.910100 0.96986
0.910200 0.96994
0.910300 0.97003
0.910400 0.97013
0.910500 0.97023
0.910600 0.97033
0.910700 0.97044
0.910800 0.97053
0.910900 0.97062
0.911000 0.97070
0.911100 0.97076
0.911200 0.97081
0.911300 0.97085
0.911400 0.97087
0.911500 0.97087
0.911600 0.97087
0.911700 0.97084
0.911800 0.97081
0.911900 0.97076
0.912000 0.97070
0.912100 0.97063
0.912200 0.97054
0.912300 0.97046
0.912400 0.97037
0.912500 0.97028
0.912600 0.97020
0.912700 0.97012
0.912800 0.97006
0.912900 0.97002
0.913000 0.97000
0.913100 0.97000
0.913200 0.97003
0.913300 0.97007
0.913400 0.97013
0.913500 0.97020
0.913600 0.97029
0.913700 0.97038
0.913800 0.97049
0.913900 0.97059
0.914000 0.97070
0.914100 0.97081
0.914200 0.97091
0.914300 0.97102
0.914400 0.97112
0.914500 0.97121
0.914600 0.97130
0.914700 0.97139
0.914800 0.97147
0.914900 0.97154
0.915000 0.97160
0.915100 0.97165
0.915200 0.97170
0.915300 0.97174
0.915400 0.97178
0.915500 0.97182
0.915600 0.97186
0.915700 0.97191
0.915800 0.97196
0.915900 0.97203
0.916000 0.97210
0.916100 0.97219
0.916200 0.97228
0.916300 0.97239
0.916400 0.97250
0.916500 0.97261
0.916600 0.97272
0.916700 0.97283
0.916800 0.97293
0.916900 0.97302
0.917000 0.97310
0.917100 0.97316
0.917200 0.97321
0.917300 0.97324
0.917400 0.97326
0.917500 0.97327
0.917600 0.97326
0.917700 0.97324
0.917800 0.97320
0.917900 0.97316
0.918000 0.97310
0.918100 0.97303
0.918200 0.97295
0.918300 0.97287
0.918400 0.97279
0.918500 0.97271
0.918600 0.97263
0.918700 0.97255
0.918800 0.97249
0.918900 0.97244
0.919000 0.97240
0.919100 0.97238
0.919200 0.97238
0.919300 0.97239
0.919400 0.97241
0.919500 0.97245
0.919600 0.97249
0.919700 0.97254
0.919800 0.97259
0.919900 0.97265
0.920000 0.97270
0.920100 0.97275
0.920200 0.97280
0.920300 0.97285
0.920400 0.97289
0.920500 0.97292
0.920600 0.97295
0.920700 0.97298
0.920800 0.97299
0.920900 0.97300
0.921000 0.97300
0.921100 0.97299
0.921200 0.97297
0.921300 0.97295
0.921400 0.97292
0.921500 0.97289
0.921600 0.97286
0.921700 0.97284
0.921800 0.97282
0.921900 0.97281
0.922000 0.97280
0.922100 0.97281
0.922200 0.97282
0.922300 0.97285
0.922400 0.97288
0.922500 0.97293
0.922600 0.97298
0.922700 0.97305
0.922800 0.97312
0.922900 0.97321
0.923000 0.97330
0.923100 0.97340
0.923200 0.97351
0.923300 0.97362
0.923400 0.97373
0.923500 0.97383
0.923600 0.97393
0.923700 0.97402
0.923800 0.97410
0.923900 0.97416
0.924000 0.97420
0.924100 0.97422
0.924200 0.97422
0.924300 0.97421
0.924400 0.97419
0.924500 0.97416
0.924600 0.97412
0.924700 0.97409
0.924800 0.97405
0.924900 0.97402
0.925000 0.97400
0.925100 0.97399
0.925200 0.97399
0.925300 0.97401
0.925400 0.97403
0.925500 0.97407
0.925600 0.97412
0.925700 0.97417
0.925800 0.97424
0.925900 0.97432
0.926000 0.97440
0.926100 0.97449
0.926200 0.97459
0.926300 0.97469
0.926400 0.97479
0.926500 0.97488
0.926600 0.97497
0.926700 0.97505
0.926800 0.97512
0.926900 0.97517
0.927000 0.97520
0.927100 0.97521
0.927200 0.97520
0.927300 0.97518
0.927400 0.97514
0.927500 0.97510
0.927600 0.97504
0.927700 0.97498
0.927800 0.97492
0.927900 0.97486
0.928000 0.97480
0.928100 0.97475
0.928200 0.97470
0.928300 0.97467
0.928400 0.97464
0.928500 0.97462
0.928600 0.97461
0.928700 0.97462
0.928800 0.97463
0.928900 0.97466
0.929000 0.97470
0.929100 0.97475
0.929200 0.97482
0.929300 0.97489
0.929400 0.97497
0.929500 0.97504
0.929600 0.97512
0.929700 0.97518
0.929800 0.97524
0.929900 0.97528
0.930000 0.97530
0.930100 0.97530
0.930200 0.97529
0.930300 0.97526
0.930400 0.97522
0.930500 0.97517
0.930600 0.97511
0.930700 0.97506
0.930800 0.97500
0.930900 0.97495
0.931000 0.97490
0.931100 0.97486
0.931200 0.97484
0.931300 0.97482
0.931400 0.97482
0.931500 0.97483
0.931600 0.97486
0.931700 0.97490
0.931800 0.97495
0.931900 0.97502
0.932000 0.97510
0.932100 0.97520
0.932200 0.97531
0.932300 0.97544
0.932400 0.97557
0.932500 0.97570
0.932600 0.97583
0.932700 0.97596
0.932800 0.97609
0.932900 0.97620
0.933000 0.97630
0.933100 0.97638
0.933200 0.97645
0.933300 0.97650
0.933400 0.97653
0.933500 0.97655
0.933600 0.97655
0.933700 0.97654
0.933800 0.97651
0.933900 0.97646
0.934000 0.97640
0.934100 0.97632
0.934200 0.97624
0.934300 0.97614
0.934400 0.97604
0.934500 0.97594
0.934600 0.97585
0.934700 0.97577
0.934800 0.97569
0.934900 0.97564
0.935000 0.97560
0.935100 0.97559
0.935200 0.97559
0.935300 0.97562
0.935400 0.97566
0.935500 0.97572
0.935600 0.97579
0.935700 0.97586
0.935800 0.97594
0.935900 0.97602
0.936000 0.97610
0.936100 0.97618
0.936200 0.97625
0.936300 0.97631
0.936400 0.97637
0.936500 0.97642
0.936600 0.97646
0.936700 0.97649
0.936800 0.97651
0.936900 0.97651
0.937000 0.97650
0.937100 0.97647
0.937200 0.97644
0.937300 0.97639
0.937400 0.97634
0.937500 0.97628
0.937600 0.97623
0.937700 0.97618
0.937800 0.97614
0.937900 0.97611
0.938000 0.97610
0.938100 0.97610
0.938200 0.97613
0.938300 0.97616
0.938400 0.97621
0.938500 0.97627
0.938600 0.97633
0.938700 0.97640
0.938800 0.97647
0.938900 0.97654
0.939000 0.97660
0.939100 0.97666
0.939200 0.97671
0.939300 0.97676
0.939400 0.97680
0.939500 0.97683
0.939600 0.97685
0.939700 0.97685
0.939800 0.97685
0.939900 0.97683
0.940000 0.97680
0.940100 0.97675
0.940200 0.97670
0.940300 0.97663
0.940400 0.97657
0.940500 0.97650
0.940600 0.97644
0.940700 0.97638
0.940800 0.97634
0.940900 0.97631
0.941000 0.97630
0.941100 0.97631
0.941200 0.97635
0.941300 0.97640
0.941400 0.97646
0.941500 0.97653
0.941600 0.97660
0.941700 0.97668
0.941800 0.97676
0.941900 0.97684
0.942000 0.97690
0.942100 0.97695
0.942200 0.97700
0.942300 0.97703
0.942400 0.97704
0.942500 0.97705
0.942600 0.97704
0.942700 0.97703
0.942800 0.97700
0.942900 0.97695
0.943000 0.97690
0.943100 0.97683
0.943200 0.97676
0.943300 0.97667
0.943400 0.97659
0.943500 0.97650
0.943600 0.97642
0.943700 0.97635
0.943800 0.97628
0.943900 0.97623
0.944000 0.97620
0.944100 0.97619
0.944200 0.97619
0.944300 0.97620
0.944400 0.97624
0.944500 0.97628
0.944600 0.97633
0.944700 0.97639
0.944800 0.97646
0.944900 0.97653
0.945000 0.97660
0.945100 0.97667
0.945200 0.97674
0.945300 0.97681
0.945400 0.97687
0.945500 0.97693
0.945600 0.97698
0.945700 0.97702
0.945800 0.97706
0.945900 0.97708
0.946000 0.97710
0.946100 0.97710
0.946200 0.97710
0.946300 0.97709
0.946400 0.97707
0.946500 0.97705
0.946600 0.97703
0.946700 0.97701
0.946800 0.97700
0.946900 0.97700
0.947000 0.97700
0.947100 0.97702
0.947200 0.97704
0.947300 0.97708
0.947400 0.97712
0.947500 0.97717
0.947600 0.97723
0.947700 0.97729
0.947800 0.97736
0.947900 0.97743
0.948000 0.97750
0.948100 0.97757
0.948200 0.97764
0.948300 0.97771
0.948400 0.97777
0.948500 0.97782
0.948600 0.97786
0.948700 0.97790
0.948800 0.97791
0.948900 0.97792
0.949000 0.97790
0.949100 0.97786
0.949200 0.97781
0.949300 0.97775
0.949400 0.97768
0.949500 0.97759
0.949600 0.97751
0.949700 0.97742
0.949800 0.97734
0.949900 0.97727
0.950000 0.97720
0.950100 0.97715
0.950200 0.97711
0.950300 0.97708
0.950400 0.97706
0.950500 0.97706
0.950600 0.97706
0.950700 0.97708
0.950800 0.97711
0.950900 0.97715
0.951000 0.97720
0.951100 0.97726
0.951200 0.97733
0.951300 0.97740
0.951400 0.97747
0.951500 0.97754
0.951600 0.97761
0.951700 0.97768
0.951800 0.97773
0.951900 0.97777
0.952000 0.97780
0.952100 0.97781
0.952200 0.97781
0.952300 0.97780
0.952400 0.97778
0.952500 0.97775
0.952600 0.97772
0.952700 0.97768
0.952800 0.97765
0.952900 0.97762
0.953000 0.97760
0.953100 0.97759
0.953200 0.97758
0.953300 0.97759
0.953400 0.97760
0.953500 0.97762
0.953600 0.97764
0.953700 0.97768
0.953800 0.97771
0.953900 0.97776
0.954000 0.97780
0.954100 0.97785
0.954200 0.97790
0.954300 0.97795
0.954400 0.97799
0.954500 0.97804
0.954600 0.97807
0.954700 0.97810
0.954800 0.97811
0.954900 0.97811
0.955000 0.97810
0.955100 0.97807
0.955200 0.97802
0.955300 0.97797
0.955400 0.97790
0.955500 0.97783
0.955600 0.97776
0.955700 0.97769
0.955800 0.97762
0.955900 0.97755
0.956000 0.97750
0.956100 0.97746
0.956200 0.97743
0.956300 0.97741
0.956400 0.97740
0.956500 0.97740
0.956600 0.97740
0.956700 0.97742
0.956800 0.97744
0.956900 0.97747
0.957000 0.97750
0.957100 0.97754
0.957200 0.97758
0.957300 0.97762
0.957400 0.97766
0.957500 0.97769
0.957600 0.97773
0.957700 0.97776
0.957800 0.97778
0.957900 0.97780
0.958000 0.97780
0.958100 0.97779
0.958200 0.97778
0.958300 0.97776
0.958400 0.97773
0.958500 0.97770
0.958600 0.97767
0.958700 0.97764
0.958800 0.97762
0.958900 0.97761
0.959000 0.97760
0.959100 0.97761
0.959200 0.97762
0.959300 0.97765
0.959400 0.97768
0.959500 0.97772
0.959600 0.97777
0.959700 0.97782
0.959800 0.97788
0.959900 0.97794
0.960000 0.97800
0.960100 0.97806
0.960200 0.97812
0.960300 0.97818
0.960400 0.97823
0.960500 0.97828
0.960600 0.97833
0.960700 0.97836
0.960800 0.97838
0.960900 0.97840
0.961000 0.97840
0.961100 0.97839
0.961200 0.97837
0.961300 0.97834
0.961400 0.97830
0.961500 0.97826
0.961600 0.97822
0.961700 0.97818
0.961800 0.97815
0.961900 0.97812
0.962000 0.97810
0.962100 0.97809
0.962200 0.97810
0.962300 0.97811
0.962400 0.97813
0.962500 0.97816
0.962600 0.97820
0.962700 0.97825
0.962800 0.97829
0.962900 0.97835
0.963000 0.97840
0.963100 0.97846
0.963200 0.97851
0.963300 0.97857
0.963400 0.97862
0.963500 0.97867
0.963600 0.97871
0.963700 0.97875
0.963800 0.97877
0.963900 0.97879
0.964000 0.97880
0.964100 0.97880
0.964200 0.97878
0.964300 0.97876
0.964400 0.97873
0.964500 0.97869
0.964600 0.97865
0.964700 0.97861
0.964800 0.97857
0.964900 0.97853
0.965000 0.97850
0.965100 0.97847
0.965200 0.97845
0.965300 0.97843
0.965400 0.97842
0.965500 0.97842
0.965600 0.97842
0.965700 0.97843
0.965800 0.97845
0.965900 0.97847
0.966000 0.97850
0.966100 0.97854
0.966200 0.97858
0.966300 0.97863
0.966400 0.97868
0.966500 0.97873
0.966600 0.97877
0.966700 0.97881
0.966800 0.97885
0.966900 0.97888
0.967000 0.97890
0.967100 0.97891
0.967200 0.97891
0.967300 0.97890
0.967400 0.97888
0.967500 0.97886
0.967600 0.97883
0.967700 0.97880
0.967800 0.97877
0.967900 0.97873
0.968000 0.97870
0.968100 0.97867
0.968200 0.97864
0.968300 0.97862
0.968400 0.97860
0.968500 0.97859
0.968600 0.97859
0.968700 0.97860
0.968800 0.97862
0.968900 0.97865
0.969000 0.97870
0.969100 0.97876
0.969200 0.97883
0.969300 0.97891
0.969400 0.97900
0.969500 0.97908
0.969600 0.97916
0.969700 0.97924
0.969800 0.97931
0.969900 0.97936
0.970000 0.97940
0.970100 0.97942
0.970200 0.97942
0.970300 0.97941
0.970400 0.97938
0.970500 0.97934
0.970600 0.97930
0.970700 0.97925
0.970800 0.97920
0.970900 0.97915
0.971000 0.97910
0.971100 0.97905
0.971200 0.97902
0.971300 0.97898
0.971400 0.97895
0.971500 0.97893
0.971600 0.97891
0.971700 0.97890
0.971800 0.97889
0.971900 0.97889
0.972000 0.97890
0.972100 0.97891
0.972200 0.97893
0.972300 0.97895
0.972400 0.97898
0.972500 0.97900
0.972600 0.97903
0.972700 0.97905
0.972800 0.97907
0.972900 0.97909
0.973000 0.97910
0.973100 0.97910
0.973200 0.97910
0.973300 0.97910
0.973400 0.97909
0.973500 0.97907
0.973600 0.97906
0.973700 0.97904
0.973800 0.97903
0.973900 0.97901
0.974000 0.97900
0.974100 0.97899
0.974200 0.97898
0.974300 0.97898
0.974400 0.97898
0.974500 0.97899
0.974600 0.97900
0.974700 0.97902
0.974800 0.97904
0.974900 0.97907
0.975000 0.97910
0.975100 0.97914
0.975200 0.97918
0.975300 0.97923
0.975400 0.97928
0.975500 0.97933
0.975600 0.97938
0.975700 0.97942
0.975800 0.97945
0.975900 0.97948
0.976000 0.97950
0.976100 0.97951
0.976200 0.97951
0.976300 0.97950
0.976400 0.97948
0.976500 0.97945
0.976600 0.97943
0.976700 0.97940
0.976800 0.97936
0.976900 0.97933
0.977000 0.97930
0.977100 0.97927
0.977200 0.97924
0.977300 0.97922
0.977400 0.97920
0.977500 0.97919
0.977600 0.97918
0.977700 0.97917
0.977800 0.97917
0.977900 0.97918
0.978000 0.97920
0.978100 0.97922
0.978200 0.97925
0.978300 0.97929
0.978400 0.97932
0.978500 0.97936
0.978600 0.97940
0.978700 0.97943
0.978800 0.97946
0.978900 0.97948
0.979000 0.97950
0.979100 0.97951
0.979200 0.97951
0.979300 0.97950
0.979400 0.97949
0.979500 0.97947
0.979600 0.97946
0.979700 0.97944
0.979800 0.97942
0.979900 0.97941
0.980000 0.97940
0.980100 0.97939
0.980200 0.97939
0.980300 0.97940
0.980400 0.97941
0.980500 0.97942
0.980600 0.97943
0.980700 0.97945
0.980800 0.97946
0.980900 0.97948
0.981000 0.97950
0.981100 0.97952
0.981200 0.97954
0.981300 0.97956
0.981400 0.97957
0.981500 0.97959
0.981600 0.97961
0.981700 0.97963
0.981800 0.97965
0.981900 0.97968
0.982000 0.97970
0.982100 0.97973
0.982200 0.97975
0.982300 0.97978
0.982400 0.97980
0.982500 0.97982
0.982600 0.97984
0.982700 0.97986
0.982800 0.97988
0.982900 0.97989
0.983000 0.97990
0.983100 0.97990
0.983200 0.97990
0.983300 0.97990
0.983400 0.97989
0.983500 0.97988
0.983600 0.97986
0.983700 0.97985
0.983800 0.97983
0.983900 0.97982
0.984000 0.97980
0.984100 0.97978
0.984200 0.97977
0.984300 0.97975
0.984400 0.97974
0.984500 0.97973
0.984600 0.97972
0.984700 0.97971
0.984800 0.97970
0.984900 0.97970
0.985000 0.97970
0.985100 0.97970
0.985200 0.97970
0.985300 0.97971
0.985400 0.97971
0.985500 0.97972
0.985600 0.97972
0.985700 0.97972
0.985800 0.97972
0.985900 0.97971
0.986000 0.97970
0.986100 0.97968
0.986200 0.97966
0.986300 0.97964
0.986400 0.97962
0.986500 0.97960
0.986600 0.97959
0.986700 0.97958
0.986800 0.97957
0.986900 0.97958
0.987000 0.97960
0.987100 0.97963
0.987200 0.97967
0.987300 0.97972
0.987400 0.97978
0.987500 0.97984
0.987600 0.97990
0.987700 0.97996
0.987800 0.98001
0.987900 0.98006
0.988000 0.98010
0.988100 0.98013
0.988200 0.98015
0.988300 0.98016
0.988400 0.98017
0.988500 0.98017
0.988600 0.98016
0.988700 0.98015
0.988800 0.98013
0.988900 0.98012
0.989000 0.98010
0.989100 0.98008
0.989200 0.98007
0.989300 0.98005
0.989400 0.98005
0.989500 0.98004
0.989600 0.98004
0.989700 0.98004
0.989800 0.98005
0.989900 0.98007
0.990000 0.98010
0.990100 0.98014
0.990200 0.98018
0.990300 0.98023
0.990400 0.98028
0.990500 0.98033
0.990600 0.98038
0.990700 0.98042
0.990800 0.98046
0.990900 0.98049
0.991000 0.98050
0.991100 0.98050
0.991200 0.98049
0.991300 0.98047
0.991400 0.98044
0.991500 0.98039
0.991600 0.98035
0.991700 0.98029
0.991800 0.98023
0.991900 0.98017
0.992000 0.98010
0.992100 0.98003
0.992200 0.97997
0.992300 0.97991
0.992400 0.97985
0.992500 0.97979
0.992600 0.97975
0.992700 0.97972
0.992800 0.97970
0.992900 0.97969
0.993000 0.97970
0.993100 0.97973
0.993200 0.97977
0.993300 0.97982
0.993400 0.97988
0.993500 0.97995
0.993600 0.98002
0.993700 0.98010
0.993800 0.98017
0.993900 0.98024
0.994000 0.98030
0.994100 0.98035
0.994200 0.98039
0.994300 0.98043
0.994400 0.98045
0.994500 0.98046
0.994600 0.98047
0.994700 0.98046
0.994800 0.98045
0.994900 0.98043
0.995000 0.98040
0.995100 0.98036
0.995200 0.98032
0.995300 0.98027
0.995400 0.98022
0.995500 0.98017
0.995600 0.98012
0.995700 0.98008
0.995800 0.98004
0.995900 0.98001
0.996000 0.98000
0.996100 0.98000
0.996200 0.98001
0.996300 0.98003
0.996400 0.98006
0.996500 0.98010
0.996600 0.98014
0.996700 0.98018
0.996800 0.98022
0.996900 0.98026
0.997000 0.98030
0.997100 0.98033
0.997200 0.98036
0.997300 0.98038
0.997400 0.98040
0.997500 0.98041
0.997600 0.98041
0.997700 0.98042
0.997800 0.98041
0.997900 0.98041
0.998000 0.98040
0.998100 0.98039
0.998200 0.98037
0.998300 0.98036
0.998400 0.98034
0.998500 0.98033
0.998600 0.98031
0.998700 0.98030
0.998800 0.98030
0.998900 0.98030
0.999000 0.98030
0.999100 0.98031
0.999200 0.98033
0.999300 0.98035
0.999400 0.98038
0.999500 0.98041
0.999600 0.98045
0.999700 0.98049
0.999800 0.98052
0.999900 0.98056
1.000000 0.98060
1.000100 0.98064
1.000200 0.98067
1.000300 0.98070
1.000400 0.98073
1.000500 0.98075
1.000600 0.98076
1.000700 0.98076
1.000800 0.98075
1.000900 0.98073
1.001000 0.98070
1.001100 0.98066
1.001200 0.98060
1.001300 0.98054
1.001400 0.98047
1.001500 0.98041
1.001600 0.98035
1.001700 0.98029
1.001800 0.98024
1.001900 0.98021
1.002000 0.98020
1.002100 0.98020
1.002200 0.98023
1.002300 0.98027
1.002400 0.98032
1.002500 0.98037
1.002600 0.98044
1.002700 0.98051
1.002800 0.98058
1.002900 0.98064
1.003000 0.98070
1.003100 0.98075
1.003200 0.98080
1.003300 0.98083
1.003400 0.98086
1.003500 0.98088
1.003600 0.98090
1.003700 0.98091
1.003800 0.98091
1.003900 0.98091
1.004000 0.98090
1.004100 0.98089
1.004200 0.98087
1.004300 0.98086
1.004400 0.98084
1.004500 0.98082
1.004600 0.98081
1.004700 0.98080
1.004800 0.98079
1.004900 0.98079
1.005000 0.98080
1.005100 0.98082
1.005200 0.98084
1.005300 0.98087
1.005400 0.98091
1.005500 0.98094
1.005600 0.98098
1.005700 0.98102
1.005800 0.98105
1.005900 0.98108
1.006000 0.98110
1.006100 0.98111
1.006200 0.98112
1.006300 0.98112
1.006400 0.98111
1.006500 0.98110
1.006600 0.98108
1.006700 0.98106
1.006800 0.98104
1.006900 0.98102
1.007000 0.98100
1.007100 0.98098
1.007200 0.98096
1.007300 0.98095
1.007400 0.98093
1.007500 0.98093
1.007600 0.98093
1.007700 0.98093
1.007800 0.98095
1.007900 0.98097
1.008000 0.98100
1.008100 0.98104
1.008200 0.98109
1.008300 0.98114
1.008400 0.98120
1.008500 0.98125
1.008600 0.98130
1.008700 0.98134
1.008800 0.98138
1.008900 0.98140
1.009000 0.98140
1.009100 0.98139
1.009200 0.98136
1.009300 0.98131
1.009400 0.98126
1.009500 0.98120
1.009600 0.98114
1.009700 0.98107
1.009800 0.98101
1.009900 0.98095
1.010000 0.98090
1.010100 0.98086
1.010200 0.98083
1.010300 0.98081
1.010400 0.98080
1.010500 0.98080
1.010600 0.98080
1.010700 0.98081
1.010800 0.98084
1.010900 0.98087
1.011000 0.98090
1.011100 0.98094
1.011200 0.98099
1.011300 0.98103
1.011400 0.98108
1.011500 0.98113
1.011600 0.98118
1.011700 0.98122
1.011800 0.98125
1.011900 0.98128
1.012000 0.98130
1.012100 0.98131
1.012200 0.98131
1.012300 0.98130
1.012400 0.98128
1.012500 0.98126
1.012600 0.98123
1.012700 0.98120
1.012800 0.98117
1.012900 0.98113
1.013000 0.98110
1.013100 0.98107
1.013200 0.98104
1.013300 0.98102
1.013400 0.98099
1.013500 0.98098
1.013600 0.98097
1.013700 0.98097
1.013800 0.98097
1.013900 0.98098
1.014000 0.98100
1.014100 0.98103
1.014200 0.98106
1.014300 0.98111
1.014400 0.98115
1.014500 0.98120
1.014600 0.98125
1.014700 0.98129
1.014800 0.98133
1.014900 0.98137
1.015000 0.98140
1.015100 0.98142
1.015200 0.98143
1.015300 0.98143
1.015400 0.98143
1.015500 0.98142
1.015600 0.98140
1.015700 0.98138
1.015800 0.98136
1.015900 0.98133
1.016000 0.98130
1.016100 0.98127
1.016200 0.98124
1.016300 0.98120
1.016400 0.98118
1.016500 0.98115
1.016600 0.98113
1.016700 0.98111
1.016800 0.98110
1.016900 0.98109
1.017000 0.98110
1.017100 0.98111
1.017200 0.98114
1.017300 0.98117
1.017400 0.98120
1.017500 0.98124
1.017600 0.98128
1.017700 0.98131
1.017800 0.98135
1.017900 0.98138
1.018000 0.98140
1.018100 0.98142
1.018200 0.98142
1.018300 0.98143
1.018400 0.98142
1.018500 0.98141
1.018600 0.98140
1.018700 0.98138
1.018800 0.98135
1.018900 0.98133
1.019000 0.98130
1.019100 0.98127
1.019200 0.98124
1.019300 0.98121
1.019400 0.98117
1.019500 0.98114
1.019600 0.98111
1.019700 0.98108
1.019800 0.98105
1.019900 0.98102
1.020000 0.98100
1.020100 0.98098
1.020200 0.98096
1.020300 0.98094
1.020400 0.98093
1.020500 0.98092
1.020600 0.98091
1.020700 0.98091
1.020800 0.98090
1.020900 0.98090
1.021000 0.98090
1.021100 0.98090
1.021200 0.98090
1.021300 0.98091
1.021400 0.98091
1.021500 0.98092
1.021600 0.98092
1.021700 0.98092
1.021800 0.98092
1.021900 0.98091
1.022000 0.98090
1.022100 0.98089
1.022200 0.98087
1.022300 0.98085
1.022400 0.98083
1.022500 0.98082
1.022600 0.98080
1.022700 0.98079
1.022800 0.98079
1.022900 0.98079
1.023000 0.98080
1.023100 0.98082
1.023200 0.98085
1.023300 0.98088
1.023400 0.98092
1.023500 0.98097
1.023600 0.98101
1.023700 0.98106
1.023800 0.98111
1.023900 0.98116
1.024000 0.98120
1.024100 0.98124
1.024200 0.98128
1.024300 0.98131
1.024400 0.98133
1.024500 0.98136
1.024600 0.98138
1.024700 0.98139
1.024800 0.98140
1.024900 0.98140
1.025000 0.98140
1.025100 0.98139
1.025200 0.98138
1.025300 0.98137
1.025400 0.98136
1.025500 0.98134
1.025600 0.98133
1.025700 0.98131
1.025800 0.98131
1.025900 0.98130
1.026000 0.98130
1.026100 0.98131
1.026200 0.98132
1.026300 0.98133
1.026400 0.98136
1.026500 0.98138
1.026600 0.98140
1.026700 0.98143
1.026800 0.98145
1.026900 0.98148
1.027000 0.98150
1.027100 0.98152
1.027200 0.98154
1.027300 0.98155
1.027400 0.98156
1.027500 0.98157
1.027600 0.98158
1.027700 0.98159
1.027800 0.98159
1.027900 0.98160
1.028000 0.98160
1.028100 0.98160
1.028200 0.98161
1.028300 0.98161
1.028400 0.98161
1.028500 0.98162
1.028600 0.98162
1.028700 0.98162
1.028800 0.98161
1.028900 0.98161
1.029000 0.98160
1.029100 0.98159
1.029200 0.98158
1.029300 0.98157
1.029400 0.98156
1.029500 0.98154
1.029600 0.98153
1.029700 0.98152
1.029800 0.98151
1.029900 0.98150
1.030000 0.98150
1.030100 0.98150
1.030200 0.98150
1.030300 0.98150
1.030400 0.98151
1.030500 0.98151
1.030600 0.98151
1.030700 0.98152
1.030800 0.98151
1.030900 0.98151
1.031000 0.98150
1.031100 0.98149
1.031200 0.98147
1.031300 0.98144
1.031400 0.98142
1.031500 0.98140
1.031600 0.98137
1.031700 0.98135
1.031800 0.98133
1.031900 0.98131
1.032000 0.98130
1.032100 0.98129
1.032200 0.98129
1.032300 0.98130
1.032400 0.98131
1.032500 0.98132
1.032600 0.98133
1.032700 0.98135
1.032800 0.98137
1.032900 0.98138
1.033000 0.98140
1.033100 0.98142
1.033200 0.98143
1.033300 0.98145
1.033400 0.98146
1.033500 0.98147
1.033600 0.98148
1.033700 0.98149
1.033800 0.98149
1.033900 0.98150
1.034000 0.98150
1.034100 0.98150
1.034200 0.98150
1.034300 0.98150
1.034400 0.98150
1.034500 0.98149
1.034600 0.98149
1.034700 0.98149
1.034800 0.98149
1.034900 0.98150
1.035000 0.98150
1.035100 0.98151
1.035200 0.98152
1.035300 0.98153
1.035400 0.98154
1.035500 0.98155
1.035600 0.98157
1.035700 0.98158
1.035800 0.98159
1.035900 0.98159
1.036000 0.98160
1.036100 0.98160
1.036200 0.98160
1.036300 0.98159
1.036400 0.98159
1.036500 0.98158
1.036600 0.98157
1.036700 0.98155
1.036800 0.98154
1.036900 0.98152
1.037000 0.98150
1.037100 0.98148
1.037200 0.98146
1.037300 0.98144
1.037400 0.98142
1.037500 0.98140
1.037600 0.98138
1.037700 0.98136
1.037800 0.98134
1.037900 0.98132
1.038000 0.98130
1.038100 0.98128
1.038200 0.98127
1.038300 0.98126
1.038400 0.98124
1.038500 0.98123
1.038600 0.98122
1.038700 0.98122
1.038800 0.98121
1.038900 0.98120
1.039000 0.98120
1.039100 0.98120
1.039200 0.98119
1.039300 0.98119
1.039400 0.98119
1.039500 0.98119
1.039600 0.98119
1.039700 0.98120
1.039800 0.98120
1.039900 0.98120
1.040000 0.98120
1.040100 0.98120
1.040200 0.98120
1.040300 0.98121
1.040400 0.98121
1.040500 0.98122
1.040600 0.98123
1.040700 0.98124
1.040800 0.98125
1.040900 0.98127
1.041000 0.98130
1.041100 0.98133
1.041200 0.98137
1.041300 0.98141
1.041400 0.98145
1.041500 0.98149
1.041600 0.98154
1.041700 0.98158
1.041800 0.98162
1.041900 0.98166
1.042000 0.98170
1.042100 0.98173
1.042200 0.98176
1.042300 0.98178
1.042400 0.98180
1.042500 0.98182
1.042600 0.98182
1.042700 0.98183
1.042800 0.98182
1.042900 0.98181
1.043000 0.98180
1.043100 0.98178
1.043200 0.98175
1.043300 0.98172
1.043400 0.98169
1.043500 0.98165
1.043600 0.98162
1.043700 0.98158
1.043800 0.98155
1.043900 0.98152
1.044000 0.98150
1.044100 0.98148
1.044200 0.98147
1.044300 0.98146
1.044400 0.98146
1.044500 0.98146
1.044600 0.98146
1.044700 0.98147
1.044800 0.98148
1.044900 0.98149
1.045000 0.98150
1.045100 0.98151
1.045200 0.98152
1.045300 0.98153
1.045400 0.98154
1.045500 0.98154
1.045600 0.98154
1.045700 0.98154
1.045800 0.98153
1.045900 0.98152
1.046000 0.98150
1.046100 0.98147
1.046200 0.98144
1.046300 0.98140
1.046400 0.98136
1.046500 0.98132
1.046600 0.98127
1.046700 0.98123
1.046800 0.98118
1.046900 0.98114
1.047000 0.98110
1.047100 0.98106
1.047200 0.98103
1.047300 0.98101
1.047400 0.98098
1.047500 0.98097
1.047600 0.98096
1.047700 0.98096
1.047800 0.98097
1.047900 0.98098
1.048000 0.98100
1.048100 0.98103
1.048200 0.98107
1.048300 0.98111
1.048400 0.98115
1.048500 0.98120
1.048600 0.98125
1.048700 0.98129
1.048800 0.98133
1.048900 0.98137
1.049000 0.98140
1.049100 0.98142
1.049200 0.98144
1.049300 0.98144
1.049400 0.98144
1.049500 0.98144
1.049600 0.98144
1.049700 0.98143
1.049800 0.98142
1.049900 0.98141
1.050000 0.98140
1.050100 0.98139
1.050200 0.98139
1.050300 0.98138
1.050400 0.98138
1.050500 0.98138
1.050600 0.98138
1.050700 0.98139
1.050800 0.98139
1.050900 0.98140
1.051000 0.98140
1.051100 0.98141
1.051200 0.98141
1.051300 0.98142
1.051400 0.98142
1.051500 0.98142
1.051600 0.98142
1.051700 0.98142
1.051800 0.98142
1.051900 0.98141
1.052000 0.98140
1.052100 0.98138
1.052200 0.98137
1.052300 0.98135
1.052400 0.98132
1.052500 0.98130
1.052600 0.98128
1.052700 0.98125
1.052800 0.98123
1.052900 0.98122
1.053000 0.98120
1.053100 0.98119
1.053200 0.98118
1.053300 0.98118
1.053400 0.98118
1.053500 0.98119
1.053600 0.98120
1.053700 0.98122
1.053800 0.98124
1.053900 0.98127
1.054000 0.98130
1.054100 0.98134
1.054200 0.98138
1.054300 0.98142
1.054400 0.98147
1.054500 0.98152
1.054600 0.98156
1.054700 0.98160
1.054800 0.98164
1.054900 0.98167
1.055000 0.98170
1.055100 0.98172
1.055200 0.98173
1.055300 0.98173
1.055400 0.98173
1.055500 0.98172
1.055600 0.98170
1.055700 0.98168
1.055800 0.98166
1.055900 0.98163
1.056000 0.98160
1.056100 0.98157
1.056200 0.98153
1.056300 0.98149
1.056400 0.98146
1.056500 0.98142
1.056600 0.98139
1.056700 0.98136
1.056800 0.98133
1.056900 0.98131
1.057000 0.98130
1.057100 0.98129
1.057200 0.98129
1.057300 0.98130
1.057400 0.98131
1.057500 0.98132
1.057600 0.98134
1.057700 0.98136
1.057800 0.98137
1.057900 0.98139
1.058000 0.98140
1.058100 0.98141
1.058200 0.98142
1.058300 0.98142
1.058400 0.98142
1.058500 0.98142
1.058600 0.98142
1.058700 0.98142
1.058800 0.98141
1.058900 0.98141
1.059000 0.98140
1.059100 0.98139
1.059200 0.98139
1.059300 0.98138
1.059400 0.98138
1.059500 0.98137
1.059600 0.98137
1.059700 0.98138
1.059800 0.98138
1.059900 0.98139
1.060000 0.98140
1.060100 0.98142
1.060200 0.98144
1.060300 0.98146
1.060400 0.98148
1.060500 0.98150
1.060600 0.98153
1.060700 0.98155
1.060800 0.98157
1.060900 0.98159
1.061000 0.98160
1.061100 0.98161
1.061200 0.98161
1.061300 0.98161
1.061400 0.98161
1.061500 0.98160
1.061600 0.98159
1.061700 0.98157
1.061800 0.98155
1.061900 0.98153
1.062000 0.98150
1.062100 0.98147
1.062200 0.98144
1.062300 0.98140
1.062400 0.98137
1.062500 0.98134
1.062600 0.98130
1.062700 0.98127
1.062800 0.98124
1.062900 0.98122
1.063000 0.98120
1.063100 0.98119
1.063200 0.98118
1.063300 0.98117
1.063400 0.98117
1.063500 0.98117
1.063600 0.98117
1.063700 0.98118
1.063800 0.98119
1.063900 0.98119
1.064000 0.98120
1.064100 0.98121
1.064200 0.98121
1.064300 0.98121
1.064400 0.98121
1.064500 0.98121
1.064600 0.98120
1.064700 0.98118
1.064800 0.98116
1.064900 0.98114
1.065000 0.98110
1.065100 0.98106
1.065200 0.98101
1.065300 0.98095
1.065400 0.98089
1.065500 0.98084
1.065600 0.98078
1.065700 0.98072
1.065800 0.98068
1.065900 0.98063
1.066000 0.98060
1.066100 0.98058
1.066200 0.98056
1.066300 0.98056
1.066400 0.98056
1.066500 0.98057
1.066600 0.98059
1.066700 0.98061
1.066800 0.98064
1.066900 0.98067
1.067000 0.98070
1.067100 0.98074
1.067200 0.98077
1.067300 0.98081
1.067400 0.98084
1.067500 0.98088
1.067600 0.98091
1.067700 0.98094
1.067800 0.98096
1.067900 0.98098
1.068000 0.98100
1.068100 0.98101
1.068200 0.98102
1.068300 0.98102
1.068400 0.98102
1.068500 0.98101
1.068600 0.98101
1.068700 0.98100
1.068800 0.98100
1.068900 0.98100
1.069000 0.98100
1.069100 0.98101
1.069200 0.98101
1.069300 0.98103
1.069400 0.98104
1.069500 0.98106
1.069600 0.98108
1.069700 0.98111
1.069800 0.98114
1.069900 0.98117
1.070000 0.98120
1.070100 0.98124
1.070200 0.98127
1.070300 0.98131
1.070400 0.98134
1.070500 0.98137
1.070600 0.98139
1.070700 0.98141
1.070800 0.98142
1.070900 0.98141
1.071000 0.98140
1.071100 0.98137
1.071200 0.98133
1.071300 0.98128
1.071400 0.98122
1.071500 0.98116
1.071600 0.98109
1.071700 0.98102
1.071800 0.98094
1.071900 0.98087
1.072000 0.98080
1.072100 0.98073
1.072200 0.98067
1.072300 0.98061
1.072400 0.98056
1.072500 0.98052
1.072600 0.98048
1.072700 0.98045
1.072800 0.98042
1.072900 0.98041
1.073000 0.98040
1.073100 0.98040
1.073200 0.98041
1.073300 0.98043
1.073400 0.98045
1.073500 0.98048
1.073600 0.98050
1.073700 0.98053
1.073800 0.98056
1.073900 0.98058
1.074000 0.98060
1.074100 0.98062
1.074200 0.98062
1.074300 0.98063
1.074400 0.98063
1.074500 0.98063
1.074600 0.98063
1.074700 0.98062
1.074800 0.98062
1.074900 0.98061
1.075000 0.98060
1.075100 0.98059
1.075200 0.98058
1.075300 0.98058
1.075400 0.98057
1.075500 0.98057
1.075600 0.98057
1.075700 0.98057
1.075800 0.98058
1.075900 0.98059
1.076000 0.98060
1.076100 0.98062
1.076200 0.98064
1.076300 0.98066
1.076400 0.98068
1.076500 0.98071
1.076600 0.98073
1.076700 0.98075
1.076800 0.98077
1.076900 0.98079
1.077000 0.98080
1.077100 0.98081
1.077200 0.98081
1.077300 0.98081
1.077400 0.98080
1.077500 0.98079
1.077600 0.98078
1.077700 0.98076
1.077800 0.98074
1.077900 0.98072
1.078000 0.98070
1.078100 0.98068
1.078200 0.98065
1.078300 0.98063
1.078400 0.98060
1.078500 0.98058
1.078600 0.98056
1.078700 0.98054
1.078800 0.98052
1.078900 0.98051
1.079000 0.98050
1.079100 0.98050
1.079200 0.98050
1.079300 0.98050
1.079400 0.98051
1.079500 0.98052
1.079600 0.98053
1.079700 0.98055
1.079800 0.98057
1.079900 0.98058
1.080000 0.98060
1.080100 0.98062
1.080200 0.98063
1.080300 0.98065
1.080400 0.98067
1.080500 0.98068
1.080600 0.98069
1.080700 0.98070
1.080800 0.98070
1.080900 0.98070
1.081000 0.98070
1.081100 0.98069
1.081200 0.98068
1.081300 0.98067
1.081400 0.98065
1.081500 0.98063
1.081600 0.98061
1.081700 0.98058
1.081800 0.98055
1.081900 0.98053
1.082000 0.98050
1.082100 0.98047
1.082200 0.98045
1.082300 0.98042
1.082400 0.98040
1.082500 0.98037
1.082600 0.98035
1.082700 0.98033
1.082800 0.98032
1.082900 0.98031
1.083000 0.98030
1.083100 0.98030
1.083200 0.98030
1.083300 0.98030
1.083400 0.98031
1.083500 0.98031
1.083600 0.98031
1.083700 0.98032
1.083800 0.98032
1.083900 0.98031
1.084000 0.98030
1.084100 0.98028
1.084200 0.98026
1.084300 0.98024
1.084400 0.98021
1.084500 0.98018
1.084600 0.98014
1.084700 0.98011
1.084800 0.98007
1.084900 0.98004
1.085000 0.98000
1.085100 0.97997
1.085200 0.97994
1.085300 0.97991
1.085400 0.97988
1.085500 0.97986
1.085600 0.97984
1.085700 0.97982
1.085800 0.97981
1.085900 0.97980
1.086000 0.97980
1.086100 0.97980
1.086200 0.97981
1.086300 0.97982
1.086400 0.97983
1.086500 0.97984
1.086600 0.97985
1.086700 0.97987
1.086800 0.97988
1.086900 0.97989
1.087000 0.97990
1.087100 0.97991
1.087200 0.97991
1.087300 0.97992
1.087400 0.97992
1.087500 0.97992
1.087600 0.97991
1.087700 0.97991
1.087800 0.97991
1.087900 0.97990
1.088000 0.97990
1.088100 0.97990
1.088200 0.97989
1.088300 0.97989
1.088400 0.97988
1.088500 0.97988
1.088600 0.97987
1.088700 0.97986
1.088800 0.97984
1.088900 0.97982
1.089000 0.97980
1.089100 0.97977
1.089200 0.97974
1.089300 0.97970
1.089400 0.97966
1.089500 0.97962
1.089600 0.97958
1.089700 0.97953
1.089800 0.97949
1.089900 0.97944
1.090000 0.97940
1.090100 0.97936
1.090200 0.97932
1.090300 0.97928
1.090400 0.97925
1.090500 0.97921
1.090600 0.97918
1.090700 0.97916
1.090800 0.97913
1.090900 0.97912
1.091000 0.97910
1.091100 0.97909
1.091200 0.97908
1.091300 0.97908
1.091400 0.97908
1.091500 0.97908
1.091600 0.97908
1.091700 0.97908
1.091800 0.97909
1.091900 0.97909
1.092000 0.97910
1.092100 0.97910
1.092200 0.97911
1.092300 0.97912
1.092400 0.97912
1.092500 0.97913
1.092600 0.97914
1.092700 0.97915
1.092800 0.97916
1.092900 0.97918
1.093000 0.97920
1.093100 0.97922
1.093200 0.97925
1.093300 0.97928
1.093400 0.97931
1.093500 0.97935
1.093600 0.97938
1.093700 0.97941
1.093800 0.97944
1.093900 0.97947
1.094000 0.97950
1.094100 0.97952
1.094200 0.97954
1.094300 0.97956
1.094400 0.97958
1.094500 0.97959
1.094600 0.97960
1.094700 0.97960
1.094800 0.97960
1.094900 0.97960
1.095000 0.97960
1.095100 0.97959
1.095200 0.97959
1.095300 0.97958
1.095400 0.97957
1.095500 0.97955
1.095600 0.97954
1.095700 0.97953
1.095800 0.97952
1.095900 0.97951
1.096000 0.97950
1.096100 0.97949
1.096200 0.97949
1.096300 0.97948
1.096400 0.97948
1.096500 0.97947
1.096600 0.97947
1.096700 0.97945
1.096800 0.97944
1.096900 0.97942
1.097000 0.97940
1.097100 0.97937
1.097200 0.97934
1.097300 0.97930
1.097400 0.97926
1.097500 0.97922
1.097600 0.97917
1.097700 0.97913
1.097800 0.97909
1.097900 0.97904
1.098000 0.97900
1.098100 0.97896
1.098200 0.97892
1.098300 0.97889
1.098400 0.97887
1.098500 0.97884
1.098600 0.97882
1.098700 0.97881
1.098800 0.97880
1.098900 0.97880
1.099000 0.97880
1.099100 0.97881
1.099200 0.97883
1.099300 0.97885
1.099400 0.97887
1.099500 0.97889
1.099600 0.97892
1.099700 0.97894
1.099800 0.97897
1.099900 0.97899
1.100000 0.97900
1.100100 0.97901
1.100200 0.97901
1.100300 0.97901
1.100400 0.97901
1.100500 0.97900
1.100600 0.97898
1.100700 0.97897
1.100800 0.97895
1.100900 0.97892
1.101000 0.97890
1.101100 0.97887
1.101200 0.97885
1.101300 0.97882
1.101400 0.97879
1.101500 0.97877
1.101600 0.97875
1.101700 0.97873
1.101800 0.97871
1.101900 0.97870
1.102000 0.97870
1.102100 0.97870
1.102200 0.97871
1.102300 0.97872
1.102400 0.97874
1.102500 0.97875
1.102600 0.97877
1.102700 0.97878
1.102800 0.97879
1.102900 0.97880
1.103000 0.97880
1.103100 0.97879
1.103200 0.97878
1.103300 0.97876
1.103400 0.97873
1.103500 0.97870
1.103600 0.97867
1.103700 0.97863
1.103800 0.97859
1.103900 0.97855
1.104000 0.97850
1.104100 0.97846
1.104200 0.97841
1.104300 0.97837
1.104400 0.97833
1.104500 0.97829
1.104600 0.97826
1.104700 0.97823
1.104800 0.97821
1.104900 0.97820
1.105000 0.97820
1.105100 0.97821
1.105200 0.97823
1.105300 0.97825
1.105400 0.97829
1.105500 0.97832
1.105600 0.97836
1.105700 0.97840
1.105800 0.97843
1.105900 0.97847
1.106000 0.97850
1.106100 0.97852
1.106200 0.97854
1.106300 0.97856
1.106400 0.97856
1.106500 0.97857
1.106600 0.97856
1.106700 0.97856
1.106800 0.97854
1.106900 0.97852
1.107000 0.97850
1.107100 0.97847
1.107200 0.97844
1.107300 0.97840
1.107400 0.97837
1.107500 0.97833
1.107600 0.97830
1.107700 0.97827
1.107800 0.97824
1.107900 0.97822
1.108000 0.97820
1.108100 0.97819
1.108200 0.97819
1.108300 0.97819
1.108400 0.97820
1.108500 0.97821
1.108600 0.97822
1.108700 0.97824
1.108800 0.97826
1.108900 0.97828
1.109000 0.97830
1.109100 0.97832
1.109200 0.97834
1.109300 0.97835
1.109400 0.97836
1.109500 0.97837
1.109600 0.97837
1.109700 0.97836
1.109800 0.97835
1.109900 0.97833
1.110000 0.97830
1.110100 0.97826
1.110200 0.97822
1.110300 0.97817
1.110400 0.97811
1.110500 0.97806
1.110600 0.97800
1.110700 0.97794
1.110800 0.97789
1.110900 0.97784
1.111000 0.97780
1.111100 0.97777
1.111200 0.97774
1.111300 0.97772
1.111400 0.97771
1.111500 0.97771
1.111600 0.97771
1.111700 0.97772
1.111800 0.97774
1.111900 0.97777
1.112000 0.97780
1.112100 0.97784
1.112200 0.97788
1.112300 0.97793
1.112400 0.97798
1.112500 0.97802
1.112600 0.97807
1.112700 0.97811
1.112800 0.97815
1.112900 0.97818
1.113000 0.97820
1.113100 0.97821
1.113200 0.97821
1.113300 0.97821
1.113400 0.97819
1.113500 0.97817
1.113600 0.97815
1.113700 0.97812
1.113800 0.97808
1.113900 0.97804
1.114000 0.97800
1.114100 0.97796
1.114200 0.97791
1.114300 0.97787
1.114400 0.97783
1.114500 0.97779
1.114600 0.97774
1.114700 0.97770
1.114800 0.97767
1.114900 0.97763
1.115000 0.97760
1.115100 0.97757
1.115200 0.97755
1.115300 0.97752
1.115400 0.97750
1.115500 0.97749
1.115600 0.97747
1.115700 0.97745
1.115800 0.97743
1.115900 0.97742
1.116000 0.97740
1.116100 0.97738
1.116200 0.97736
1.116300 0.97734
1.116400 0.97732
1.116500 0.97730
1.116600 0.97728
1.116700 0.97726
1.116800 0.97724
1.116900 0.97722
1.117000 0.97720
1.117100 0.97718
1.117200 0.97717
1.117300 0.97715
1.117400 0.97714
1.117500 0.97713
1.117600 0.97712
1.117700 0.97711
1.117800 0.97711
1.117900 0.97710
1.118000 0.97710
1.118100 0.97710
1.118200 0.97710
1.118300 0.97711
1.118400 0.97711
1.118500 0.97712
1.118600 0.97714
1.118700 0.97715
1.118800 0.97716
1.118900 0.97718
1.119000 0.97720
1.119100 0.97722
1.119200 0.97724
1.119300 0.97727
1.119400 0.97729
1.119500 0.97731
1.119600 0.97734
1.119700 0.97736
1.119800 0.97737
1.119900 0.97739
1.120000 0.97740
1.120100 0.97741
1.120200 0.97741
1.120300 0.97741
1.120400 0.97740
1.120500 0.97739
1.120600 0.97738
1.120700 0.97737
1.120800 0.97735
1.120900 0.97733
1.121000 0.97730
1.121100 0.97727
1.121200 0.97724
1.121300 0.97721
1.121400 0.97719
1.121500 0.97716
1.121600 0.97714
1.121700 0.97712
1.121800 0.97710
1.121900 0.97710
1.122000 0.97710
1.122100 0.97711
1.122200 0.97713
1.122300 0.97715
1.122400 0.97718
1.122500 0.97721
1.122600 0.97723
1.122700 0.97726
1.122800 0.97728
1.122900 0.97729
1.123000 0.97730
1.123100 0.97730
1.123200 0.97728
1.123300 0.97726
1.123400 0.97723
1.123500 0.97720
1.123600 0.97716
1.123700 0.97712
1.123800 0.97708
1.123900 0.97704
1.124000 0.97700
1.124100 0.97696
1.124200 0.97692
1.124300 0.97689
1.124400 0.97686
1.124500 0.97682
1.124600 0.97680
1.124700 0.97677
1.124800 0.97674
1.124900 0.97672
1.125000 0.97670
1.125100 0.97668
1.125200 0.97666
1.125300 0.97664
1.125400 0.97663
1.125500 0.97661
1.125600 0.97659
1.125700 0.97657
1.125800 0.97655
1.125900 0.97653
1.126000 0.97650
1.126100 0.97647
1.126200 0.97644
1.126300 0.97640
1.126400 0.97636
1.126500 0.97632
1.126600 0.97628
1.126700 0.97624
1.126800 0.97619
1.126900 0.97615
1.127000 0.97610
1.127100 0.97605
1.127200 0.97601
1.127300 0.97596
1.127400 0.97592
1.127500 0.97589
1.127600 0.97585
1.127700 0.97583
1.127800 0.97581
1.127900 0.97580
1.128000 0.97580
1.128100 0.97581
1.128200 0.97583
1.128300 0.97585
1.128400 0.97588
1.128500 0.97592
1.128600 0.97596
1.128700 0.97600
1.128800 0.97603
1.128900 0.97607
1.129000 0.97610
1.129100 0.97613
1.129200 0.97615
1.129300 0.97616
1.129400 0.97617
1.129500 0.97617
1.129600 0.97617
1.129700 0.97616
1.129800 0.97615
1.129900 0.97613
1.130000 0.97610
1.130100 0.97607
1.130200 0.97603
1.130300 0.97599
1.130400 0.97594
1.130500 0.97590
1.130600 0.97585
1.130700 0.97581
1.130800 0.97577
1.130900 0.97573
1.131000 0.97570
1.131100 0.97567
1.131200 0.97565
1.131300 0.97564
1.131400 0.97563
1.131500 0.97562
1.131600 0.97561
1.131700 0.97561
1.131800 0.97561
1.131900 0.97560
1.132000 0.97560
1.132100 0.97559
1.132200 0.97559
1.132300 0.97558
1.132400 0.97557
1.132500 0.97556
1.132600 0.97555
1.132700 0.97554
1.132800 0.97553
1.132900 0.97552
1.133000 0.97550
1.133100 0.97549
1.133200 0.97547
1.133300 0.97545
1.133400 0.97543
1.133500 0.97541
1.133600 0.97539
1.133700 0.97537
1.133800 0.97535
1.133900 0.97532
1.134000 0.97530
1.134100 0.97527
1.134200 0.97525
1.134300 0.97522
1.134400 0.97519
1.134500 0.97517
1.134600 0.97515
1.134700 0.97513
1.134800 0.97511
1.134900 0.97510
1.135000 0.97510
1.135100 0.97510
1.135200 0.97511
1.135300 0.97512
1.135400 0.97513
1.135500 0.97515
1.135600 0.97517
1.135700 0.97518
1.135800 0.97519
1.135900 0.97520
1.136000 0.97520
1.136100 0.97520
1.136200 0.97519
1.136300 0.97517
1.136400 0.97515
1.136500 0.97512
1.136600 0.97509
1.136700 0.97505
1.136800 0.97500
1.136900 0.97496
1.137000 0.97490
1.137100 0.97484
1.137200 0.97478
1.137300 0.97471
1.137400 0.97465
1.137500 0.97459
1.137600 0.97454
1.137700 0.97449
1.137800 0.97445
1.137900 0.97442
1.138000 0.97440
1.138100 0.97440
1.138200 0.97440
1.138300 0.97442
1.138400 0.97444
1.138500 0.97447
1.138600 0.97450
1.138700 0.97453
1.138800 0.97456
1.138900 0.97458
1.139000 0.97460
1.139100 0.97461
1.139200 0.97461
1.139300 0.97460
1.139400 0.97458
1.139500 0.97456
1.139600 0.97453
1.139700 0.97450
1.139800 0.97447
1.139900 0.97443
1.140000 0.97440
1.140100 0.97437
1.140200 0.97433
1.140300 0.97430
1.140400 0.97427
1.140500 0.97424
1.140600 0.97421
1.140700 0.97418
1.140800 0.97415
1.140900 0.97413
1.141000 0.97410
1.141100 0.97408
1.141200 0.97405
1.141300 0.97403
1.141400 0.97401
1.141500 0.97399
1.141600 0.97398
1.141700 0.97396
1.141800 0.97394
1.141900 0.97392
1.142000 0.97390
1.142100 0.97388
1.142200 0.97386
1.142300 0.97384
1.142400 0.97382
1.142500 0.97380
1.142600 0.97378
1.142700 0.97376
1.142800 0.97374
1.142900 0.97372
1.143000 0.97370
1.143100 0.97368
1.143200 0.97367
1.143300 0.97365
1.143400 0.97364
1.143500 0.97363
1.143600 0.97362
1.143700 0.97361
1.143800 0.97360
1.143900 0.97360
1.144000 0.97360
1.144100 0.97360
1.144200 0.97361
1.144300 0.97362
1.144400 0.97363
1.144500 0.97364
1.144600 0.97365
1.144700 0.97366
1.144800 0.97368
1.144900 0.97369
1.145000 0.97370
1.145100 0.97371
1.145200 0.97372
1.145300 0.97373
1.145400 0.97373
1.145500 0.97374
1.145600 0.97374
1.145700 0.97373
1.145800 0.97373
1.145900 0.97372
1.146000 0.97370
1.146100 0.97368
1.146200 0.97365
1.146300 0.97363
1.146400 0.97360
1.146500 0.97356
1.146600 0.97353
1.146700 0.97350
1.146800 0.97346
1.146900 0.97343
1.147000 0.97340
1.147100 0.97337
1.147200 0.97335
1.147300 0.97332
1.147400 0.97330
1.147500 0.97328
1.147600 0.97326
1.147700 0.97325
1.147800 0.97323
1.147900 0.97322
1.148000 0.97320
1.148100 0.97318
1.148200 0.97317
1.148300 0.97315
1.148400 0.97313
1.148500 0.97312
1.148600 0.97310
1.148700 0.97307
1.148800 0.97305
1.148900 0.97303
1.149000 0.97300
1.149100 0.97297
1.149200 0.97294
1.149300 0.97291
1.149400 0.97287
1.149500 0.97284
1.149600 0.97281
1.149700 0.97278
1.149800 0.97275
1.149900 0.97272
1.150000 0.97270
1.150100 0.97268
1.150200 0.97267
1.150300 0.97265
1.150400 0.97265
1.150500 0.97264
1.150600 0.97265
1.150700 0.97265
1.150800 0.97266
1.150900 0.97268
1.151000 0.97270
1.151100 0.97272
1.151200 0.97275
1.151300 0.97278
1.151400 0.97282
1.151500 0.97285
1.151600 0.97289
1.151700 0.97292
1.151800 0.97295
1.151900 0.97298
1.152000 0.97300
1.152100 0.97302
1.152200 0.97303
1.152300 0.97304
1.152400 0.97304
1.152500 0.97305
1.152600 0.97304
1.152700 0.97304
1.152800 0.97303
1.152900 0.97302
1.153000 0.97300
1.153100 0.97298
1.153200 0.97297
1.153300 0.97294
1.153400 0.97292
1.153500 0.97290
1.153600 0.97288
1.153700 0.97286
1.153800 0.97284
1.153900 0.97282
1.154000 0.97280
1.154100 0.97278
1.154200 0.97277
1.154300 0.97275
1.154400 0.97274
1.154500 0.97272
1.154600 0.97270
1.154700 0.97268
1.154800 0.97266
1.154900 0.97263
1.155000 0.97260
1.155100 0.97256
1.155200 0.97253
1.155300 0.97248
1.155400 0.97244
1.155500 0.97240
1.155600 0.97235
1.155700 0.97231
1.155800 0.97227
1.155900 0.97223
1.156000 0.97220
1.156100 0.97217
1.156200 0.97215
1.156300 0.97213
1.156400 0.97212
1.156500 0.97211
1.156600 0.97210
1.156700 0.97210
1.156800 0.97210
1.156900 0.97210
1.157000 0.97210
1.157100 0.97210
1.157200 0.97211
1.157300 0.97211
1.157400 0.97212
1.157500 0.97212
1.157600 0.97212
1.157700 0.97212
1.157800 0.97212
1.157900 0.97211
1.158000 0.97210
1.158100 0.97208
1.158200 0.97206
1.158300 0.97204
1.158400 0.97201
1.158500 0.97198
1.158600 0.97194
1.158700 0.97191
1.158800 0.97187
1.158900 0.97184
1.159000 0.97180
1.159100 0.97176
1.159200 0.97173
1.159300 0.97170
1.159400 0.97167
1.159500 0.97165
1.159600 0.97163
1.159700 0.97161
1.159800 0.97160
1.159900 0.97160
1.160000 0.97160
1.160100 0.97161
1.160200 0.97162
1.160300 0.97164
1.160400 0.97167
1.160500 0.97169
1.160600 0.97172
1.160700 0.97174
1.160800 0.97177
1.160900 0.97179
1.161000 0.97180
1.161100 0.97181
1.161200 0.97181
1.161300 0.97181
1.161400 0.97180
1.161500 0.97179
1.161600 0.97178
1.161700 0.97176
1.161800 0.97174
1.161900 0.97172
1.162000 0.97170
1.162100 0.97168
1.162200 0.97165
1.162300 0.97163
1.162400 0.97160
1.162500 0.97157
1.162600 0.97154
1.162700 0.97151
1.162800 0.97147
1.162900 0.97144
1.163000 0.97140
1.163100 0.97136
1.163200 0.97132
1.163300 0.97127
1.163400 0.97123
1.163500 0.97119
1.163600 0.97114
1.163700 0.97110
1.163800 0.97107
1.163900 0.97103
1.164000 0.97100
1.164100 0.97097
1.164200 0.97095
1.164300 0.97093
1.164400 0.97092
1.164500 0.97091
1.164600 0.97090
1.164700 0.97089
1.164800 0.97089
1.164900 0.97089
1.165000 0.97090
1.165100 0.97091
1.165200 0.97092
1.165300 0.97092
1.165400 0.97093
1.165500 0.97094
1.165600 0.97094
1.165700 0.97094
1.165800 0.97093
1.165900 0.97092
1.166000 0.97090
1.166100 0.97087
1.166200 0.97083
1.166300 0.97079
1.166400 0.97075
1.166500 0.97069
1.166600 0.97064
1.166700 0.97058
1.166800 0.97052
1.166900 0.97046
1.167000 0.97040
1.167100 0.97034
1.167200 0.97029
1.167300 0.97023
1.167400 0.97019
1.167500 0.97014
1.167600 0.97010
1.167700 0.97007
1.167800 0.97004
1.167900 0.97002
1.168000 0.97000
1.168100 0.96999
1.168200 0.96999
1.168300 0.96999
1.168400 0.97000
1.168500 0.97001
1.168600 0.97003
1.168700 0.97005
1.168800 0.97006
1.168900 0.97008
1.169000 0.97010
1.169100 0.97012
1.169200 0.97013
1.169300 0.97014
1.169400 0.97015
1.169500 0.97015
1.169600 0.97015
1.169700 0.97015
1.169800 0.97014
1.169900 0.97012
1.170000 0.97010
1.170100 0.97007
1.170200 0.97004
1.170300 0.97001
1.170400 0.96997
1.170500 0.96993
1.170600 0.96990
1.170700 0.96987
1.170800 0.96984
1.170900 0.96982
1.171000 0.96980
1.171100 0.96979
1.171200 0.96979
1.171300 0.96980
1.171400 0.96981
1.171500 0.96983
1.171600 0.96984
1.171700 0.96986
1.171800 0.96988
1.171900 0.96989
1.172000 0.96990
1.172100 0.96991
1.172200 0.96991
1.172300 0.96990
1.172400 0.96990
1.172500 0.96989
1.172600 0.96987
1.172700 0.96986
1.172800 0.96984
1.172900 0.96982
1.173000 0.96980
1.173100 0.96978
1.173200 0.96975
1.173300 0.96973
1.173400 0.96971
1.173500 0.96969
1.173600 0.96966
1.173700 0.96965
1.173800 0.96963
1.173900 0.96961
1.174000 0.96960
1.174100 0.96959
1.174200 0.96958
1.174300 0.96958
1.174400 0.96957
1.174500 0.96957
1.174600 0.96956
1.174700 0.96955
1.174800 0.96954
1.174900 0.96952
1.175000 0.96950
1.175100 0.96947
1.175200 0.96944
1.175300 0.96940
1.175400 0.96936
1.175500 0.96931
1.175600 0.96926
1.175700 0.96920
1.175800 0.96914
1.175900 0.96907
1.176000 0.96900
1.176100 0.96893
1.176200 0.96885
1.176300 0.96877
1.176400 0.96870
1.176500 0.96862
1.176600 0.96855
1.176700 0.96848
1.176800 0.96841
1.176900 0.96835
1.177000 0.96830
1.177100 0.96825
1.177200 0.96822
1.177300 0.96819
1.177400 0.96816
1.177500 0.96814
1.177600 0.96813
1.177700 0.96811
1.177800 0.96811
1.177900 0.96810
1.178000 0.96810
1.178100 0.96810
1.178200 0.96810
1.178300 0.96810
1.178400 0.96810
1.178500 0.96810
1.178600 0.96810
1.178700 0.96811
1.178800 0.96811
1.178900 0.96810
1.179000 0.96810
1.179100 0.96810
1.179200 0.96809
1.179300 0.96808
1.179400 0.96807
1.179500 0.96806
1.179600 0.96805
1.179700 0.96804
1.179800 0.96803
1.179900 0.96801
1.180000 0.96800
1.180100 0.96799
1.180200 0.96798
1.180300 0.96796
1.180400 0.96795
1.180500 0.96794
1.180600 0.96793
1.180700 0.96792
1.180800 0.96791
1.180900 0.96791
1.181000 0.96790
1.181100 0.96789
1.181200 0.96789
1.181300 0.96788
1.181400 0.96788
1.181500 0.96787
1.181600 0.96786
1.181700 0.96785
1.181800 0.96784
1.181900 0.96782
1.182000 0.96780
1.182100 0.96778
1.182200 0.96775
1.182300 0.96772
1.182400 0.96769
1.182500 0.96766
1.182600 0.96762
1.182700 0.96759
1.182800 0.96756
1.182900 0.96753
1.183000 0.96750
1.183100 0.96747
1.183200 0.96745
1.183300 0.96743
1.183400 0.96741
1.183500 0.96740
1.183600 0.96738
1.183700 0.96736
1.183800 0.96734
1.183900 0.96732
1.184000 0.96730
1.184100 0.96728
1.184200 0.96725
1.184300 0.96722
1.184400 0.96719
1.184500 0.96715
1.184600 0.96712
1.184700 0.96709
1.184800 0.96706
1.184900 0.96703
1.185000 0.96700
1.185100 0.96697
1.185200 0.96695
1.185300 0.96692
1.185400 0.96690
1.185500 0.96688
1.185600 0.96686
1.185700 0.96685
1.185800 0.96683
1.185900 0.96681
1.186000 0.96680
1.186100 0.96679
1.186200 0.96677
1.186300 0.96676
1.186400 0.96675
1.186500 0.96674
1.186600 0.96673
1.186700 0.96672
1.186800 0.96671
1.186900 0.96671
1.187000 0.96670
1.187100 0.96669
1.187200 0.96669
1.187300 0.96668
1.187400 0.96667
1.187500 0.96666
1.187600 0.96665
1.187700 0.96664
1.187800 0.96663
1.187900 0.96662
1.188000 0.96660
1.188100 0.96658
1.188200 0.96656
1.188300 0.96654
1.188400 0.96652
1.188500 0.96649
1.188600 0.96647
1.188700 0.96645
1.188800 0.96643
1.188900 0.96641
1.189000 0.96640
1.189100 0.96639
1.189200 0.96638
1.189300 0.96638
1.189400 0.96637
1.189500 0.96637
1.189600 0.96636
1.189700 0.96635
1.189800 0.96634
1.189900 0.96632
1.190000 0.96630
1.190100 0.96627
1.190200 0.96624
1.190300 0.96620
1.190400 0.96615
1.190500 0.96611
1.190600 0.96606
1.190700 0.96602
1.190800 0.96598
1.190900 0.96594
1.191000 0.96590
1.191100 0.96587
1.191200 0.96584
1.191300 0.96582
1.191400 0.96580
1.191500 0.96578
1.191600 0.96576
1.191700 0.96575
1.191800 0.96573
1.191900 0.96572
1.192000 0.96570
1.192100 0.96568
1.192200 0.96566
1.192300 0.96563
1.192400 0.96561
1.192500 0.96558
1.192600 0.96554
1.192700 0.96551
1.192800 0.96548
1.192900 0.96544
1.193000 0.96540
1.193100 0.96536
1.193200 0.96532
1.193300 0.96528
1.193400 0.96524
1.193500 0.96520
1.193600 0.96517
1.193700 0.96514
1.193800 0.96512
1.193900 0.96510
1.194000 0.96510
1.194100 0.96510
1.194200 0.96512
1.194300 0.96514
1.194400 0.96516
1.194500 0.96519
1.194600 0.96522
1.194700 0.96524
1.194800 0.96527
1.194900 0.96529
1.195000 0.96530
1.195100 0.96531
1.195200 0.96530
1.195300 0.96530
1.195400 0.96528
1.195500 0.96526
1.195600 0.96524
1.195700 0.96521
1.195800 0.96517
1.195900 0.96514
1.196000 0.96510
1.196100 0.96506
1.196200 0.96502
1.196300 0.96498
1.196400 0.96494
1.196500 0.96491
1.196600 0.96487
1.196700 0.96485
1.196800 0.96482
1.196900 0.96481
1.197000 0.96480
1.197100 0.96480
1.197200 0.96481
1.197300 0.96482
1.197400 0.96483
1.197500 0.96485
1.197600 0.96487
1.197700 0.96488
1.197800 0.96490
1.197900 0.96490
1.198000 0.96490
1.198100 0.96489
1.198200 0.96487
1.198300 0.96485
1.198400 0.96482
1.198500 0.96478
1.198600 0.96475
1.198700 0.96471
1.198800 0.96467
1.198900 0.96464
1.199000 0.96460
1.199100 0.96457
1.199200 0.96454
1.199300 0.96451
1.199400 0.96449
1.199500 0.96447
1.199600 0.96445
1.199700 0.96444
1.199800 0.96442
1.199900 0.96441
1.200000 0.96440
1.200100 0.96439
1.200200 0.96438
1.200300 0.96438
1.200400 0.96437
1.200500 0.96436
1.200600 0.96435
1.200700 0.96434
1.200800 0.96433
1.200900 0.96432
1.201000 0.96430
1.201100 0.96428
1.201200 0.96425
1.201300 0.96423
1.201400 0.96420
1.201500 0.96417
1.201600 0.96414
1.201700 0.96410
1.201800 0.96407
1.201900 0.96403
1.202000 0.96400
1.202100 0.96397
1.202200 0.96393
1.202300 0.96390
1.202400 0.96387
1.202500 0.96384
1.202600 0.96381
1.202700 0.96378
1.202800 0.96375
1.202900 0.96373
1.203000 0.96370
1.203100 0.96367
1.203200 0.96365
1.203300 0.96363
1.203400 0.96361
1.203500 0.96359
1.203600 0.96358
1.203700 0.96358
1.203800 0.96358
1.203900 0.96359
1.204000 0.96360
1.204100 0.96362
1.204200 0.96365
1.204300 0.96368
1.204400 0.96372
1.204500 0.96376
1.204600 0.96379
1.204700 0.96383
1.204800 0.96386
1.204900 0.96388
1.205000 0.96390
1.205100 0.96391
1.205200 0.96391
1.205300 0.96390
1.205400 0.96389
1.205500 0.96387
1.205600 0.96385
1.205700 0.96382
1.205800 0.96378
1.205900 0.96374
1.206000 0.96370
1.206100 0.96366
1.206200 0.96361
1.206300 0.96356
1.206400 0.96352
1.206500 0.96347
1.206600 0.96343
1.206700 0.96339
1.206800 0.96335
1.206900 0.96332
1.207000 0.96330
1.207100 0.96328
1.207200 0.96327
1.207300 0.96326
1.207400 0.96326
1.207500 0.96325
1.207600 0.96325
1.207700 0.96324
1.207800 0.96323
1.207900 0.96322
1.208000 0.96320
1.208100 0.96317
1.208200 0.96314
1.208300 0.96310
1.208400 0.96306
1.208500 0.96301
1.208600 0.96297
1.208700 0.96292
1.208800 0.96288
1.208900 0.96284
1.209000 0.96280
1.209100 0.96277
1.209200 0.96274
1.209300 0.96272
1.209400 0.96270
1.209500 0.96268
1.209600 0.96267
1.209700 0.96265
1.209800 0.96264
1.209900 0.96262
1.210000 0.96260
1.210100 0.96258
1.210200 0.96255
1.210300 0.96253
1.210400 0.96250
1.210500 0.96247
1.210600 0.96243
1.210700 0.96240
1.210800 0.96237
1.210900 0.96233
1.211000 0.96230
1.211100 0.96227
1.211200 0.96223
1.211300 0.96220
1.211400 0.96217
1.211500 0.96214
1.211600 0.96211
1.211700 0.96208
1.211800 0.96205
1.211900 0.96202
1.212000 0.96200
1.212100 0.96198
1.212200 0.96195
1.212300 0.96193
1.212400 0.96191
1.212500 0.96189
1.212600 0.96187
1.212700 0.96185
1.212800 0.96184
1.212900 0.96182
1.213000 0.96180
1.213100 0.96178
1.213200 0.96176
1.213300 0.96175
1.213400 0.96173
1.213500 0.96172
1.213600 0.96171
1.213700 0.96170
1.213800 0.96170
1.213900 0.96170
1.214000 0.96170
1.214100 0.96171
1.214200 0.96172
1.214300 0.96173
1.214400 0.96175
1.214500 0.96176
1.214600 0.96178
1.214700 0.96179
1.214800 0.96180
1.214900 0.96180
1.215000 0.96180
1.215100 0.96179
1.215200 0.96178
1.215300 0.96175
1.215400 0.96173
1.215500 0.96170
1.215600 0.96166
1.215700 0.96163
1.215800 0.96159
1.215900 0.96154
1.216000 0.96150
1.216100 0.96145
1.216200 0.96141
1.216300 0.96136
1.216400 0.96132
1.216500 0.96128
1.216600 0.96124
1.216700 0.96120
1.216800 0.96116
1.216900 0.96113
1.217000 0.96110
1.217100 0.96108
1.217200 0.96105
1.217300 0.96104
1.217400 0.96102
1.217500 0.96101
1.217600 0.96101
1.217700 0.96100
1.217800 0.96100
1.217900 0.96100
1.218000 0.96100
1.218100 0.96100
1.218200 0.96101
1.218300 0.96101
1.218400 0.96101
1.218500 0.96102
1.218600 0.96102
1.218700 0.96102
1.218800 0.96101
1.218900 0.96101
1.219000 0.96100
1.219100 0.96099
1.219200 0.96097
1.219300 0.96095
1.219400 0.96093
1.219500 0.96091
1.219600 0.96088
1.219700 0.96086
1.219800 0.96084
1.219900 0.96082
1.220000 0.96080
1.220100 0.96078
1.220200 0.96077
1.220300 0.96076
1.220400 0.96075
1.220500 0.96075
1.220600 0.96074
1.220700 0.96073
1.220800 0.96072
1.220900 0.96071
1.221000 0.96070
1.221100 0.96069
1.221200 0.96067
1.221300 0.96065
1.221400 0.96063
1.221500 0.96061
1.221600 0.96059
1.221700 0.96056
1.221800 0.96054
1.221900 0.96052
1.222000 0.96050
1.222100 0.96048
1.222200 0.96046
1.222300 0.96044
1.222400 0.96043
1.222500 0.96041
1.222600 0.96039
1.222700 0.96037
1.222800 0.96035
1.222900 0.96033
1.223000 0.96030
1.223100 0.96027
1.223200 0.96024
1.223300 0.96021
1.223400 0.96018
1.223500 0.96015
1.223600 0.96012
1.223700 0.96008
1.223800 0.96005
1.223900 0.96003
1.224000 0.96000
1.224100 0.95998
1.224200 0.95996
1.224300 0.95994
1.224400 0.95992
1.224500 0.95991
1.224600 0.95991
1.224700 0.95990
1.224800 0.95990
1.224900 0.95990
1.225000 0.95990
1.225100 0.95991
1.225200 0.95991
1.225300 0.95992
1.225400 0.95993
1.225500 0.95993
1.225600 0.95994
1.225700 0.95994
1.225800 0.95993
1.225900 0.95992
1.226000 0.95990
1.226100 0.95987
1.226200 0.95984
1.226300 0.95980
1.226400 0.95975
1.226500 0.95970
1.226600 0.95964
1.226700 0.95959
1.226800 0.95952
1.226900 0.95946
1.227000 0.95940
1.227100 0.95934
1.227200 0.95928
1.227300 0.95922
1.227400 0.95916
1.227500 0.95910
1.227600 0.95905
1.227700 0.95901
1.227800 0.95897
1.227900 0.95893
1.228000 0.95890
1.228100 0.95888
1.228200 0.95886
1.228300 0.95885
1.228400 0.95884
1.228500 0.95884
1.228600 0.95883
1.228700 0.95883
1.228800 0.95882
1.228900 0.95881
1.229000 0.95880
1.229100 0.95878
1.229200 0.95876
1.229300 0.95873
1.229400 0.95871
1.229500 0.95867
1.229600 0.95864
1.229700 0.95861
1.229800 0.95857
1.229900 0.95854
1.230000 0.95850
1.230100 0.95847
1.230200 0.95843
1.230300 0.95840
1.230400 0.95838
1.230500 0.95835
1.230600 0.95833
1.230700 0.95832
1.230800 0.95831
1.230900 0.95830
1.231000 0.95830
1.231100 0.95831
1.231200 0.95832
1.231300 0.95833
1.231400 0.95835
1.231500 0.95836
1.231600 0.95838
1.231700 0.95839
1.231800 0.95840
1.231900 0.95840
1.232000 0.95840
1.232100 0.95839
1.232200 0.95837
1.232300 0.95834
1.232400 0.95831
1.232500 0.95828
1.232600 0.95824
1.232700 0.95821
1.232800 0.95817
1.232900 0.95813
1.233000 0.95810
1.233100 0.95807
1.233200 0.95805
1.233300 0.95802
1.233400 0.95800
1.233500 0.95798
1.233600 0.95797
1.233700 0.95795
1.233800 0.95793
1.233900 0.95792
1.234000 0.95790
1.234100 0.95788
1.234200 0.95786
1.234300 0.95784
1.234400 0.95782
1.234500 0.95780
1.234600 0.95778
1.234700 0.95776
1.234800 0.95774
1.234900 0.95772
1.235000 0.95770
1.235100 0.95768
1.235200 0.95766
1.235300 0.95764
1.235400 0.95762
1.235500 0.95760
1.235600 0.95758
1.235700 0.95756
1.235800 0.95754
1.235900 0.95752
1.236000 0.95750
1.236100 0.95748
1.236200 0.95745
1.236300 0.95743
1.236400 0.95741
1.236500 0.95738
1.236600 0.95736
1.236700 0.95734
1.236800 0.95733
1.236900 0.95731
1.237000 0.95730
1.237100 0.95729
1.237200 0.95729
1.237300 0.95728
1.237400 0.95728
1.237500 0.95727
1.237600 0.95727
1.237700 0.95726
1.237800 0.95724
1.237900 0.95723
1.238000 0.95720
1.238100 0.95717
1.238200 0.95713
1.238300 0.95709
1.238400 0.95704
1.238500 0.95698
1.238600 0.95693
1.238700 0.95687
1.238800 0.95681
1.238900 0.95676
1.239000 0.95670
1.239100 0.95665
1.239200 0.95659
1.239300 0.95654
1.239400 0.95650
1.239500 0.95645
1.239600 0.95641
1.239700 0.95638
1.239800 0.95635
1.239900 0.95632
1.240000 0.95630
1.240100 0.95628
1.240200 0.95627
1.240300 0.95627
1.240400 0.95626
1.240500 0.95626
1.240600 0.95627
1.240700 0.95627
1.240800 0.95628
1.240900 0.95629
1.241000 0.95630
1.241100 0.95631
1.241200 0.95632
1.241300 0.95633
1.241400 0.95634
1.241500 0.95634
1.241600 0.95634
1.241700 0.95634
1.241800 0.95633
1.241900 0.95632
1.242000 0.95630
1.242100 0.95627
1.242200 0.95624
1.242300 0.95621
1.242400 0.95616
1.242500 0.95612
1.242600 0.95608
1.242700 0.95603
1.242800 0.95598
1.242900 0.95594
1.243000 0.95590
1.243100 0.95586
1.243200 0.95583
1.243300 0.95580
1.243400 0.95577
1.243500 0.95574
1.243600 0.95571
1.243700 0.95569
1.243800 0.95566
1.243900 0.95563
1.244000 0.95560
1.244100 0.95557
1.244200 0.95554
1.244300 0.95550
1.244400 0.95547
1.244500 0.95543
1.244600 0.95540
1.244700 0.95537
1.244800 0.95534
1.244900 0.95532
1.245000 0.95530
1.245100 0.95528
1.245200 0.95527
1.245300 0.95526
1.245400 0.95525
1.245500 0.95525
1.245600 0.95524
1.245700 0.95523
1.245800 0.95522
1.245900 0.95521
1.246000 0.95520
1.246100 0.95518
1.246200 0.95516
1.246300 0.95514
1.246400 0.95512
1.246500 0.95509
1.246600 0.95507
1.246700 0.95505
1.246800 0.95503
1.246900 0.95501
1.247000 0.95500
1.247100 0.95499
1.247200 0.95499
1.247300 0.95499
1.247400 0.95499
1.247500 0.95499
1.247600 0.95499
1.247700 0.95500
1.247800 0.95500
1.247900 0.95500
1.248000 0.95500
1.248100 0.95499
1.248200 0.95499
1.248300 0.95497
1.248400 0.95496
1.248500 0.95494
1.248600 0.95492
1.248700 0.95489
1.248800 0.95487
1.248900 0.95483
1.249000 0.95480
1.249100 0.95476
1.249200 0.95472
1.249300 0.95468
1.249400 0.95464
1.249500 0.95460
1.249600 0.95455
1.249700 0.95451
1.249800 0.95447
1.249900 0.95443
1.250000 0.95440
1.250100 0.95437
1.250200 0.95434
1.250300 0.95432
1.250400 0.95429
1.250500 0.95427
1.250600 0.95426
1.250700 0.95424
1.250800 0.95423
1.250900 0.95421
1.251000 0.95420
1.251100 0.95419
1.251200 0.95418
1.251300 0.95416
1.251400 0.95415
1.251500 0.95414
1.251600 0.95413
1.251700 0.95412
1.251800 0.95412
1.251900 0.95411
1.252000 0.95410
1.252100 0.95409
1.252200 0.95409
1.252300 0.95408
1.252400 0.95407
1.252500 0.95406
1.252600 0.95406
1.252700 0.95404
1.252800 0.95403
1.252900 0.95402
1.253000 0.95400
1.253100 0.95398
1.253200 0.95396
1.253300 0.95393
1.253400 0.95390
1.253500 0.95388
1.253600 0.95384
1.253700 0.95381
1.253800 0.95377
1.253900 0.95374
1.254000 0.95370
1.254100 0.95366
1.254200 0.95362
1.254300 0.95358
1.254400 0.95354
1.254500 0.95350
1.254600 0.95346
1.254700 0.95342
1.254800 0.95338
1.254900 0.95334
1.255000 0.95330
1.255100 0.95326
1.255200 0.95323
1.255300 0.95320
1.255400 0.95316
1.255500 0.95313
1.255600 0.95310
1.255700 0.95308
1.255800 0.95305
1.255900 0.95302
1.256000 0.95300
1.256100 0.95298
1.256200 0.95296
1.256300 0.95293
1.256400 0.95292
1.256500 0.95290
1.256600 0.95288
1.256700 0.95286
1.256800 0.95284
1.256900 0.95282
1.257000 0.95280
1.257100 0.95278
1.257200 0.95276
1.257300 0.95274
1.257400 0.95272
1.257500 0.95270
1.257600 0.95268
1.257700 0.95266
1.257800 0.95264
1.257900 0.95262
1.258000 0.95260
1.258100 0.95258
1.258200 0.95257
1.258300 0.95255
1.258400 0.95253
1.258500 0.95252
1.258600 0.95250
1.258700 0.95248
1.258800 0.95245
1.258900 0.95243
1.259000 0.95240
1.259100 0.95237
1.259200 0.95233
1.259300 0.95230
1.259400 0.95226
1.259500 0.95222
1.259600 0.95217
1.259700 0.95213
1.259800 0.95209
1.259900 0.95204
1.260000 0.95200
1.260100 0.95196
1.260200 0.95192
1.260300 0.95188
1.260400 0.95184
1.260500 0.95181
1.260600 0.95178
1.260700 0.95175
1.260800 0.95173
1.260900 0.95171
1.261000 0.95170
1.261100 0.95169
1.261200 0.95169
1.261300 0.95169
1.261400 0.95169
1.261500 0.95170
1.261600 0.95170
1.261700 0.95170
1.261800 0.95171
1.261900 0.95170
1.262000 0.95170
1.262100 0.95169
1.262200 0.95167
1.262300 0.95165
1.262400 0.95163
1.262500 0.95160
1.262600 0.95157
1.262700 0.95153
1.262800 0.95149
1.262900 0.95145
1.263000 0.95140
1.263100 0.95135
1.263200 0.95130
1.263300 0.95124
1.263400 0.95119
1.263500 0.95113
1.263600 0.95108
1.263700 0.95103
1.263800 0.95098
1.263900 0.95094
1.264000 0.95090
1.264100 0.95087
1.264200 0.95084
1.264300 0.95081
1.264400 0.95079
1.264500 0.95078
1.264600 0.95076
1.264700 0.95074
1.264800 0.95073
1.264900 0.95072
1.265000 0.95070
1.265100 0.95068
1.265200 0.95066
1.265300 0.95065
1.265400 0.95062
1.265500 0.95060
1.265600 0.95058
1.265700 0.95056
1.265800 0.95054
1.265900 0.95052
1.266000 0.95050
1.266100 0.95048
1.266200 0.95047
1.266300 0.95045
1.266400 0.95044
1.266500 0.95043
1.266600 0.95042
1.266700 0.95041
1.266800 0.95040
1.266900 0.95040
1.267000 0.95040
1.267100 0.95040
1.267200 0.95041
1.267300 0.95041
1.267400 0.95042
1.267500 0.95042
1.267600 0.95043
1.267700 0.95043
1.267800 0.95042
1.267900 0.95041
1.268000 0.95040
1.268100 0.95038
1.268200 0.95036
1.268300 0.95033
1.268400 0.95029
1.268500 0.95026
1.268600 0.95023
1.268700 0.95019
1.268800 0.95016
1.268900 0.95013
1.269000 0.95010
1.269100 0.95008
1.269200 0.95006
1.269300 0.95004
1.269400 0.95003
1.269500 0.95001
1.269600 0.94999
1.269700 0.94998
1.269800 0.94996
1.269900 0.94993
1.270000 0.94990
1.270100 0.94986
1.270200 0.94982
1.270300 0.94977
1.270400 0.94972
1.270500 0.94967
1.270600 0.94962
1.270700 0.94956
1.270800 0.94951
1.270900 0.94945
1.271000 0.94940
1.271100 0.94935
1.271200 0.94930
1.271300 0.94926
1.271400 0.94921
1.271500 0.94917
1.271600 0.94914
1.271700 0.94910
1.271800 0.94907
1.271900 0.94903
1.272000 0.94900
1.272100 0.94897
1.272200 0.94894
1.272300 0.94891
1.272400 0.94889
1.272500 0.94887
1.272600 0.94885
1.272700 0.94883
1.272800 0.94882
1.272900 0.94881
1.273000 0.94880
1.273100 0.94880
1.273200 0.94880
1.273300 0.94880
1.273400 0.94880
1.273500 0.94881
1.273600 0.94881
1.273700 0.94881
1.273800 0.94881
1.273900 0.94881
1.274000 0.94880
1.274100 0.94879
1.274200 0.94877
1.274300 0.94875
1.274400 0.94872
1.274500 0.94869
1.274600 0.94866
1.274700 0.94863
1.274800 0.94859
1.274900 0.94854
1.275000 0.94850
1.275100 0.94845
1.275200 0.94841
1.275300 0.94836
1.275400 0.94831
1.275500 0.94827
1.275600 0.94823
1.275700 0.94819
1.275800 0.94815
1.275900 0.94812
1.276000 0.94810
1.276100 0.94808
1.276200 0.94807
1.276300 0.94807
1.276400 0.94807
1.276500 0.94807
1.276600 0.94807
1.276700 0.94808
1.276800 0.94809
1.276900 0.94810
1.277000 0.94810
1.277100 0.94810
1.277200 0.94810
1.277300 0.94810
1.277400 0.94810
1.277500 0.94809
1.277600 0.94808
1.277700 0.94806
1.277800 0.94805
1.277900 0.94802
1.278000 0.94800
1.278100 0.94797
1.278200 0.94794
1.278300 0.94791
1.278400 0.94787
1.278500 0.94783
1.278600 0.94779
1.278700 0.94774
1.278800 0.94770
1.278900 0.94765
1.279000 0.94760
1.279100 0.94755
1.279200 0.94750
1.279300 0.94745
1.279400 0.94740
1.279500 0.94736
1.279600 0.94732
1.279700 0.94728
1.279800 0.94725
1.279900 0.94722
1.280000 0.94720
1.280100 0.94719
1.280200 0.94718
1.280300 0.94718
1.280400 0.94718
1.280500 0.94719
1.280600 0.94720
1.280700 0.94720
1.280800 0.94720
1.280900 0.94721
1.281000 0.94720
1.281100 0.94719
1.281200 0.94717
1.281300 0.94715
1.281400 0.94713
1.281500 0.94710
1.281600 0.94706
1.281700 0.94703
1.281800 0.94699
1.281900 0.94694
1.282000 0.94690
1.282100 0.94686
1.282200 0.94681
1.282300 0.94676
1.282400 0.94672
1.282500 0.94668
1.282600 0.94663
1.282700 0.94659
1.282800 0.94656
1.282900 0.94653
1.283000 0.94650
1.283100 0.94648
1.283200 0.94646
1.283300 0.94645
1.283400 0.94644
1.283500 0.94643
1.283600 0.94642
1.283700 0.94642
1.283800 0.94641
1.283900 0.94641
1.284000 0.94640
1.284100 0.94639
1.284200 0.94638
1.284300 0.94637
1.284400 0.94635
1.284500 0.94634
1.284600 0.94632
1.284700 0.94629
1.284800 0.94626
1.284900 0.94623
1.285000 0.94620
1.285100 0.94616
1.285200 0.94612
1.285300 0.94608
1.285400 0.94603
1.285500 0.94599
1.285600 0.94595
1.285700 0.94590
1.285800 0.94586
1.285900 0.94583
1.286000 0.94580
1.286100 0.94578
1.286200 0.94576
1.286300 0.94574
1.286400 0.94573
1.286500 0.94572
1.286600 0.94572
1.286700 0.94571
1.286800 0.94571
1.286900 0.94570
1.287000 0.94570
1.287100 0.94569
1.287200 0.94569
1.287300 0.94568
1.287400 0.94566
1.287500 0.94564
1.287600 0.94563
1.287700 0.94560
1.287800 0.94557
1.287900 0.94554
1.288000 0.94550
1.288100 0.94546
1.288200 0.94541
1.288300 0.94535
1.288400 0.94530
1.288500 0.94525
1.288600 0.94519
1.288700 0.94514
1.288800 0.94509
1.288900 0.94504
1.289000 0.94500
1.289100 0.94497
1.289200 0.94494
1.289300 0.94491
1.289400 0.94489
1.289500 0.94487
1.289600 0.94486
1.289700 0.94484
1.289800 0.94483
1.289900 0.94482
1.290000 0.94480
1.290100 0.94478
1.290200 0.94476
1.290300 0.94474
1.290400 0.94472
1.290500 0.94470
1.290600 0.94468
1.290700 0.94466
1.290800 0.94464
1.290900 0.94462
1.291000 0.94460
1.291100 0.94459
1.291200 0.94457
1.291300 0.94456
1.291400 0.94455
1.291500 0.94454
1.291600 0.94453
1.291700 0.94453
1.291800 0.94452
1.291900 0.94451
1.292000 0.94450
1.292100 0.94449
1.292200 0.94448
1.292300 0.94447
1.292400 0.94445
1.292500 0.94443
1.292600 0.94441
1.292700 0.94439
1.292800 0.94437
1.292900 0.94433
1.293000 0.94430
1.293100 0.94426
1.293200 0.94422
1.293300 0.94417
1.293400 0.94412
1.293500 0.94407
1.293600 0.94402
1.293700 0.94396
1.293800 0.94391
1.293900 0.94385
1.294000 0.94380
1.294100 0.94375
1.294200 0.94370
1.294300 0.94365
1.294400 0.94360
1.294500 0.94356
1.294600 0.94352
1.294700 0.94348
1.294800 0.94345
1.294900 0.94342
1.295000 0.94340
1.295100 0.94338
1.295200 0.94337
1.295300 0.94336
1.295400 0.94336
1.295500 0.94335
1.295600 0.94335
1.295700 0.94334
1.295800 0.94333
1.295900 0.94332
1.296000 0.94330
1.296100 0.94327
1.296200 0.94324
1.296300 0.94321
1.296400 0.94317
1.296500 0.94313
1.296600 0.94308
1.296700 0.94304
1.296800 0.94299
1.296900 0.94294
1.297000 0.94290
1.297100 0.94286
1.297200 0.94282
1.297300 0.94278
1.297400 0.94275
1.297500 0.94271
1.297600 0.94269
1.297700 0.94266
1.297800 0.94264
1.297900 0.94262
1.298000 0.94260
1.298100 0.94259
1.298200 0.94258
1.298300 0.94257
1.298400 0.94256
1.298500 0.94256
1.298600 0.94255
1.298700 0.94254
1.298800 0.94253
1.298900 0.94252
1.299000 0.94250
1.299100 0.94248
1.299200 0.94246
1.299300 0.94243
1.299400 0.94240
1.299500 0.94237
1.299600 0.94233
1.299700 0.94230
1.299800 0.94227
1.299900 0.94223
1.300000 0.94220
1.300100 0.94217
1.300200 0.94214
1.300300 0.94211
1.300400 0.94208
1.300500 0.94205
1.300600 0.94202
1.300700 0.94199
1.300800 0.94196
1.300900 0.94193
1.301000 0.94190
1.301100 0.94187
1.301200 0.94183
1.301300 0.94179
1.301400 0.94176
1.301500 0.94172
1.301600 0.94168
1.301700 0.94163
1.301800 0.94159
1.301900 0.94155
1.302000 0.94150
1.302100 0.94145
1.302200 0.94140
1.302300 0.94135
1.302400 0.94131
1.302500 0.94125
1.302600 0.94120
1.302700 0.94115
1.302800 0.94110
1.302900 0.94105
1.303000 0.94100
1.303100 0.94095
1.303200 0.94090
1.303300 0.94085
1.303400 0.94081
1.303500 0.94076
1.303600 0.94072
1.303700 0.94068
1.303800 0.94065
1.303900 0.94062
1.304000 0.94060
1.304100 0.94058
1.304200 0.94057
1.304300 0.94056
1.304400 0.94055
1.304500 0.94055
1.304600 0.94054
1.304700 0.94054
1.304800 0.94053
1.304900 0.94051
1.305000 0.94050
1.305100 0.94048
1.305200 0.94046
1.305300 0.94043
1.305400 0.94040
1.305500 0.94036
1.305600 0.94033
1.305700 0.94030
1.305800 0.94026
1.305900 0.94023
1.306000 0.94020
1.306100 0.94017
1.306200 0.94015
1.306300 0.94012
1.306400 0.94010
1.306500 0.94008
1.306600 0.94007
1.306700 0.94005
1.306800 0.94003
1.306900 0.94002
1.307000 0.94000
1.307100 0.93998
1.307200 0.93997
1.307300 0.93995
1.307400 0.93993
1.307500 0.93991
1.307600 0.93989
1.307700 0.93987
1.307800 0.93985
1.307900 0.93982
1.308000 0.93980
1.308100 0.93977
1.308200 0.93975
1.308300 0.93972
1.308400 0.93969
1.308500 0.93966
1.308600 0.93963
1.308700 0.93960
1.308800 0.93957
1.308900 0.93954
1.309000 0.93950
1.309100 0.93946
1.309200 0.93943
1.309300 0.93939
1.309400 0.93935
1.309500 0.93931
1.309600 0.93927
1.309700 0.93923
1.309800 0.93919
1.309900 0.93914
1.310000 0.93910
1.310100 0.93906
1.310200 0.93901
1.310300 0.93897
1.310400 0.93893
1.310500 0.93889
1.310600 0.93886
1.310700 0.93883
1.310800 0.93881
1.310900 0.93880
1.311000 0.93880
1.311100 0.93881
1.311200 0.93882
1.311300 0.93884
1.311400 0.93886
1.311500 0.93888
1.311600 0.93890
1.311700 0.93892
1.311800 0.93892
1.311900 0.93892
1.312000 0.93890
1.312100 0.93887
1.312200 0.93882
1.312300 0.93877
1.312400 0.93870
1.312500 0.93863
1.312600 0.93855
1.312700 0.93846
1.312800 0.93837
1.312900 0.93829
1.313000 0.93820
1.313100 0.93812
1.313200 0.93804
1.313300 0.93796
1.313400 0.93789
1.313500 0.93783
1.313600 0.93779
1.313700 0.93774
1.313800 0.93772
1.313900 0.93770
1.314000 0.93770
1.314100 0.93771
1.314200 0.93774
1.314300 0.93777
1.314400 0.93782
1.314500 0.93786
1.314600 0.93790
1.314700 0.93794
1.314800 0.93797
1.314900 0.93799
1.315000 0.93800
1.315100 0.93799
1.315200 0.93797
1.315300 0.93793
1.315400 0.93788
1.315500 0.93782
1.315600 0.93775
1.315700 0.93767
1.315800 0.93758
1.315900 0.93749
1.316000 0.93740
1.316100 0.93730
1.316200 0.93721
1.316300 0.93711
1.316400 0.93702
1.316500 0.93694
1.316600 0.93686
1.316700 0.93680
1.316800 0.93675
1.316900 0.93672
1.317000 0.93670
1.317100 0.93670
1.317200 0.93673
1.317300 0.93676
1.317400 0.93681
1.317500 0.93686
1.317600 0.93691
1.317700 0.93697
1.317800 0.93702
1.317900 0.93707
1.318000 0.93710
1.318100 0.93712
1.318200 0.93713
1.318300 0.93713
1.318400 0.93711
1.318500 0.93708
1.318600 0.93704
1.318700 0.93700
1.318800 0.93694
1.318900 0.93687
1.319000 0.93680
1.319100 0.93672
1.319200 0.93664
1.319300 0.93655
1.319400 0.93646
1.319500 0.93638
1.319600 0.93630
1.319700 0.93623
1.319800 0.93617
1.319900 0.93613
1.320000 0.93610
1.320100 0.93609
1.320200 0.93609
1.320300 0.93611
1.320400 0.93614
1.320500 0.93618
1.320600 0.93622
1.320700 0.93626
1.320800 0.93631
1.320900 0.93636
1.321000 0.93640
1.321100 0.93643
1.321200 0.93646
1.321300 0.93648
1.321400 0.93649
1.321500 0.93649
1.321600 0.93648
1.321700 0.93646
1.321800 0.93642
1.321900 0.93637
1.322000 0.93630
1.322100 0.93622
1.322200 0.93612
1.322300 0.93602
1.322400 0.93591
1.322500 0.93580
1.322600 0.93568
1.322700 0.93557
1.322800 0.93547
1.322900 0.93538
1.323000 0.93530
1.323100 0.93524
1.323200 0.93519
1.323300 0.93516
1.323400 0.93514
1.323500 0.93513
1.323600 0.93513
1.323700 0.93514
1.323800 0.93515
1.323900 0.93518
1.324000 0.93520
1.324100 0.93523
1.324200 0.93525
1.324300 0.93528
1.324400 0.93531
1.324500 0.93533
1.324600 0.93534
1.324700 0.93535
1.324800 0.93534
1.324900 0.93533
1.325000 0.93530
1.325100 0.93526
1.325200 0.93520
1.325300 0.93514
1.325400 0.93506
1.325500 0.93499
1.325600 0.93491
1.325700 0.93483
1.325800 0.93475
1.325900 0.93467
1.326000 0.93460
1.326100 0.93454
1.326200 0.93449
1.326300 0.93444
1.326400 0.93441
1.326500 0.93439
1.326600 0.93437
1.326700 0.93436
1.326800 0.93437
1.326900 0.93438
1.327000 0.93440
1.327100 0.93443
1.327200 0.93447
1.327300 0.93451
1.327400 0.93455
1.327500 0.93460
1.327600 0.93463
1.327700 0.93467
1.327800 0.93469
1.327900 0.93470
1.328000 0.93470
1.328100 0.93468
1.328200 0.93465
1.328300 0.93460
1.328400 0.93454
1.328500 0.93448
1.328600 0.93441
1.328700 0.93433
1.328800 0.93425
1.328900 0.93418
1.329000 0.93410
1.329100 0.93403
1.329200 0.93396
1.329300 0.93390
1.329400 0.93384
1.329500 0.93379
1.329600 0.93374
1.329700 0.93370
1.329800 0.93366
1.329900 0.93363
1.330000 0.93360
1.330100 0.93358
1.330200 0.93356
1.330300 0.93354
1.330400 0.93352
1.330500 0.93351
1.330600 0.93349
1.330700 0.93348
1.330800 0.93345
1.330900 0.93343
1.331000 0.93340
1.331100 0.93336
1.331200 0.93332
1.331300 0.93328
1.331400 0.93323
1.331500 0.93317
1.331600 0.93312
1.331700 0.93306
1.331800 0.93301
1.331900 0.93295
1.332000 0.93290
1.332100 0.93285
1.332200 0.93280
1.332300 0.93276
1.332400 0.93272
1.332500 0.93269
1.332600 0.93266
1.332700 0.93263
1.332800 0.93261
1.332900 0.93260
1.333000 0.93260
1.333100 0.93260
1.333200 0.93261
1.333300 0.93263
1.333400 0.93264
1.333500 0.93266
1.333600 0.93268
1.333700 0.93269
1.333800 0.93270
1.333900 0.93270
1.334000 0.93270
1.334100 0.93269
1.334200 0.93267
1.334300 0.93264
1.334400 0.93261
1.334500 0.93256
1.334600 0.93252
1.334700 0.93247
1.334800 0.93242
1.334900 0.93236
1.335000 0.93230
1.335100 0.93224
1.335200 0.93218
1.335300 0.93212
1.335400 0.93206
1.335500 0.93201
1.335600 0.93196
1.335700 0.93191
1.335800 0.93187
1.335900 0.93183
1.336000 0.93180
1.336100 0.93178
1.336200 0.93176
1.336300 0.93175
1.336400 0.93174
1.336500 0.93174
1.336600 0.93174
1.336700 0.93173
1.336800 0.93173
1.336900 0.93172
1.337000 0.93170
1.337100 0.93168
1.337200 0.93165
1.337300 0.93162
1.337400 0.93159
1.337500 0.93155
1.337600 0.93150
1.337700 0.93145
1.337800 0.93141
1.337900 0.93135
1.338000 0.93130
1.338100 0.93125
1.338200 0.93119
1.338300 0.93114
1.338400 0.93108
1.338500 0.93103
1.338600 0.93098
1.338700 0.93093
1.338800 0.93088
1.338900 0.93084
1.339000 0.93080
1.339100 0.93076
1.339200 0.93073
1.339300 0.93071
1.339400 0.93068
1.339500 0.93066
1.339600 0.93065
1.339700 0.93063
1.339800 0.93062
1.339900 0.93061
1.340000 0.93060
1.340100 0.93059
1.340200 0.93059
1.340300 0.93058
1.340400 0.93057
1.340500 0.93057
1.340600 0.93056
1.340700 0.93055
1.340800 0.93054
1.340900 0.93052
1.341000 0.93050
1.341100 0.93048
1.341200 0.93045
1.341300 0.93042
1.341400 0.93039
1.341500 0.93036
1.341600 0.93032
1.341700 0.93029
1.341800 0.93026
1.341900 0.93023
1.342000 0.93020
1.342100 0.93018
1.342200 0.93015
1.342300 0.93014
1.342400 0.93012
1.342500 0.93010
1.342600 0.93008
1.342700 0.93007
1.342800 0.93005
1.342900 0.93002
1.343000 0.93000
1.343100 0.92997
1.343200 0.92994
1.343300 0.92991
1.343400 0.92987
1.343500 0.92984
1.343600 0.92981
1.343700 0.92977
1.343800 0.92975
1.343900 0.92972
1.344000 0.92970
1.344100 0.92968
1.344200 0.92967
1.344300 0.92966
1.344400 0.92966
1.344500 0.92965
1.344600 0.92965
1.344700 0.92964
1.344800 0.92963
1.344900 0.92962
1.345000 0.92960
1.345100 0.92958
1.345200 0.92955
1.345300 0.92952
1.345400 0.92948
1.345500 0.92944
1.345600 0.92939
1.345700 0.92935
1.345800 0.92930
1.345900 0.92925
1.346000 0.92920
1.346100 0.92915
1.346200 0.92910
1.346300 0.92905
1.346400 0.92901
1.346500 0.92896
1.346600 0.92892
1.346700 0.92888
1.346800 0.92885
1.346900 0.92882
1.347000 0.92880
1.347100 0.92878
1.347200 0.92877
1.347300 0.92876
1.347400 0.92875
1.347500 0.92874
1.347600 0.92872
1.347700 0.92870
1.347800 0.92868
1.347900 0.92864
1.348000 0.92860
1.348100 0.92855
1.348200 0.92848
1.348300 0.92841
1.348400 0.92833
1.348500 0.92825
1.348600 0.92816
1.348700 0.92807
1.348800 0.92798
1.348900 0.92789
1.349000 0.92780
1.349100 0.92772
1.349200 0.92764
1.349300 0.92757
1.349400 0.92750
1.349500 0.92744
1.349600 0.92739
1.349700 0.92735
1.349800 0.92733
1.349900 0.92731
1.350000 0.92730
